2.134439675870348310e+03 1.826413865546218403e+03 2.556104799999999955e+00
2.130451080432173057e+03 1.829184573829531701e+03 2.556107200000000024e+00
2.130366146458583444e+03 1.829632953181272569e+03 2.556109600000000093e+00
2.128557923169267724e+03 1.828643757503001098e+03 2.556112000000000162e+00
2.129508103241296340e+03 1.830341236494597752e+03 2.556114400000000231e+00
2.127361944777911049e+03 1.829124249699880011e+03 2.556116800000000300e+00
2.126845438175269919e+03 1.829329531812725008e+03 2.556119200000000369e+00
2.126370648259303834e+03 1.829709783913565389e+03 2.556121600000000438e+00
2.125023409363745486e+03 1.829230492196878686e+03 2.556124000000000507e+00
2.124225390156062531e+03 1.829449879951980847e+03 2.556126400000000576e+00
2.125879951980792157e+03 1.832274909963985692e+03 2.556128800000000645e+00
2.122330132052821227e+03 1.829810624249699913e+03 2.556131200000000714e+00
2.122680072028811537e+03 1.831635654261704758e+03 2.556133600000000783e+00
2.123425870348139142e+03 1.833860744297719066e+03 2.556136000000000852e+00
2.121231092436974905e+03 1.833185474189675915e+03 2.556138400000000921e+00
2.118826830732292819e+03 1.832575930372148832e+03 2.556140800000000990e+00
2.117714885954381771e+03 1.833462484993997577e+03 2.556143200000001059e+00
2.115427070828331125e+03 1.833061824729891896e+03 2.556145600000001128e+00
2.114497899159664030e+03 1.834281812725090049e+03 2.556148000000001197e+00
2.110323829531812862e+03 1.834788715486194405e+03 2.556150400000001266e+00
2.106485894357743291e+03 1.834693277310924259e+03 2.556152800000001335e+00
2.103907262905162042e+03 1.835394657863145312e+03 2.556155200000001404e+00
2.099717286914765737e+03 1.834795018007202771e+03 2.556157600000001473e+00
2.094768307322929104e+03 1.833440276110444074e+03 2.556160000000001542e+00
2.090114645858343465e+03 1.831893157262905106e+03 2.556162400000001611e+00
2.081522509003601499e+03 1.824855042016806692e+03 2.556164800000001680e+00
2.076174069627851168e+03 1.818398259303721488e+03 2.556167200000001749e+00
2.070495498199279609e+03 1.805984693877551081e+03 2.556169600000001818e+00
2.068813925570228093e+03 1.789652460984393656e+03 2.556172000000001887e+00
2.077436374549819902e+03 1.776691776710684280e+03 2.556174400000001956e+00
2.077557322929171733e+03 1.772218787515005943e+03 2.556176800000002025e+00
2.089718187274910179e+03 1.764864945978391461e+03 2.556179200000002094e+00
2.105355042016806692e+03 1.761285414165666225e+03 2.556181600000002163e+00
2.118090636254501987e+03 1.762094837935174155e+03 2.556184000000002232e+00
2.129085834333733601e+03 1.767631752701080359e+03 2.556186400000002301e+00
2.135298619447778947e+03 1.772567226890756274e+03 2.556188800000002370e+00
2.138419567827130777e+03 1.776959483793517393e+03 2.556191200000002439e+00
2.142879951980792157e+03 1.783334933973589386e+03 2.556193600000002508e+00
2.144668967587034786e+03 1.787519507803121314e+03 2.556196000000002577e+00
2.143850540216086301e+03 1.789294717887154775e+03 2.556198400000002646e+00
2.147122148859543813e+03 1.795135354141656762e+03 2.556200800000002715e+00
2.144711584633853363e+03 1.795149159663865476e+03 2.556203200000002784e+00
2.145151560624249669e+03 1.797809723889555926e+03 2.556205600000002853e+00
2.144821728691476437e+03 1.799459783913565389e+03 2.556208000000002922e+00
2.145221188475390136e+03 1.801682172869147735e+03 2.556210400000002991e+00
2.146213685474189788e+03 1.804370348139255611e+03 2.556212800000003060e+00
2.144454381752701011e+03 1.804157563025210038e+03 2.556215200000003129e+00
2.146224489795918544e+03 1.807370948379351830e+03 2.556217600000003198e+00
2.143933373349339945e+03 1.806481992797118892e+03 2.556220000000003267e+00
