2138 1835 16813349 2.5561072
2138 1833 16813355 2.5561072
2135 1832 16813361 2.5561072
2140 1838 16813366 2.5561072
2146 1837 16813372 2.5561072
2135 1834 16813378 2.5561072
2132 1832 16813384 2.5561072
2140 1831 16813390 2.5561072
2133 1834 16813396 2.5561072
2134 1832 16813401 2.5561072
2132 1835 16813407 2.5561072
2138 1836 16813413 2.5561072
2136 1832 16813419 2.5561072
2135 1835 16813425 2.5561072
2132 1834 16813431 2.5561072
2132 1833 16813436 2.5561072
2132 1828 16813442 2.5561072
2130 1828 16813448 2.5561072
2134 1831 16813454 2.5561072
2134 1831 16813460 2.5561072
2135 1830 16813466 2.5561072
2131 1833 16813471 2.5561072
2134 1831 16813477 2.5561072
2133 1828 16813483 2.5561072
2136 1831 16813489 2.5561072
2134 1832 16813495 2.5561072
2130 1831 16813501 2.5561072
2130 1831 16813506 2.5561072
2129 1828 16813512 2.5561072
2133 1831 16813518 2.5561072
2131 1831 16813524 2.5561072
2133 1824 16813530 2.5561072
2130 1832 16813536 2.5561072
2135 1833 16813542 2.5561072
2137 1834 16813547 2.5561072
2134 1835 16813553 2.5561072
2135 1831 16813559 2.5561072
2132 1835 16813565 2.5561072
2132 1829 16813571 2.5561072
2133 1835 16813577 2.5561072
2129 1828 16813582 2.5561072
2131 1829 16813588 2.5561072
2129 1832 16813594 2.5561072
2134 1835 16813600 2.5561072
2132 1840 16813606 2.5561072
2140 1838 16813612 2.5561072
2135 1835 16813617 2.5561072
2140 1836 16813623 2.5561072
2138 1833 16813629 2.5561072
2137 1834 16813635 2.5561072
2135 1837 16813641 2.5561072
2135 1837 16813647 2.5561072
2137 1832 16813652 2.5561072
2141 1834 16813658 2.5561072
2136 1829 16813664 2.5561072
2135 1831 16813670 2.5561072
2134 1835 16813676 2.5561072
2134 1833 16813682 2.5561072
2134 1831 16813687 2.5561072
2135 1827 16813693 2.5561072
2129 1832 16813699 2.5561072
2132 1835 16813705 2.5561072
2131 1834 16813711 2.5561072
2130 1830 16813717 2.5561072
2137 1831 16813722 2.5561072
2133 1834 16813728 2.5561072
2134 1832 16813734 2.5561072
2138 1832 16813740 2.5561072
2131 1833 16813746 2.5561072
2138 1834 16813752 2.5561072
2139 1835 16813758 2.5561072
2134 1837 16813763 2.5561072
2132 1837 16813769 2.5561072
2134 1836 16813775 2.5561072
2137 1831 16813781 2.5561072
2135 1833 16813787 2.5561072
2135 1832 16813793 2.5561072
2128 1833 16813798 2.5561072
2136 1835 16813804 2.5561072
2138 1835 16813810 2.5561072
2135 1834 16813816 2.5561072
2138 1836 16813822 2.5561072
2132 1835 16813828 2.5561072
2135 1833 16813833 2.5561072
2136 1832 16813839 2.5561072
2131 1834 16813845 2.5561072
2130 1829 16813851 2.5561072
2127 1824 16813857 2.5561072
2128 1823 16813863 2.5561072
2134 1832 16813868 2.5561072
2138 1835 16813874 2.5561072
2137 1836 16813880 2.5561072
2137 1837 16813886 2.5561072
2131 1834 16813892 2.5561072
2132 1832 16813898 2.5561072
2132 1828 16813903 2.5561072
2130 1834 16813909 2.5561072
2134 1830 16813915 2.5561072
2135 1833 16813921 2.5561072
2133 1835 16813927 2.5561072
2140 1840 16813933 2.5561072
2139 1840 16813938 2.5561072
2136 1842 16813944 2.5561072
2140 1844 16813950 2.5561072
2139 1839 16813956 2.5561072
2139 1838 16813962 2.5561072
2137 1833 16813968 2.5561072
2134 1834 16813973 2.5561072
2134 1832 16813979 2.5561072
2136 1837 16813985 2.5561072
2138 1836 16813991 2.5561072
2141 1838 16813999 2.5561072
2140 1838 16814005 2.5561072
2135 1845 16814011 2.5561072
2138 1840 16814017 2.5561072
2136 1838 16814022 2.5561072
2138 1833 16814028 2.5561072
2133 1835 16814034 2.5561072
2136 1838 16814040 2.5561072
2135 1838 16814046 2.5561072
2136 1835 16814052 2.5561072
2135 1838 16814057 2.5561072
2141 1837 16814063 2.5561072
2139 1839 16814069 2.5561072
2141 1838 16814075 2.5561072
2138 1840 16814081 2.5561072
2135 1833 16814087 2.5561072
2137 1834 16814093 2.5561072
2136 1832 16814098 2.5561072
2137 1837 16814104 2.5561072
2131 1832 16814110 2.5561072
2136 1833 16814116 2.5561072
2137 1837 16814122 2.5561072
2142 1840 16814128 2.5561072
2138 1835 16814133 2.5561072
2138 1840 16814139 2.5561072
2138 1833 16814145 2.5561072
2136 1837 16814151 2.5561072
2135 1835 16814157 2.5561072
2137 1835 16814163 2.5561072
2134 1830 16814168 2.5561072
2135 1834 16814174 2.5561072
2136 1836 16814180 2.5561072
2137 1835 16814186 2.5561072
2140 1832 16814192 2.5561072
2132 1833 16814198 2.5561072
2131 1833 16814203 2.5561072
2141 1836 16814209 2.5561072
2139 1835 16814215 2.5561072
2139 1841 16814221 2.5561072
2141 1838 16814227 2.5561072
2136 1839 16814233 2.5561072
2136 1836 16814238 2.5561072
2139 1835 16814244 2.5561072
2139 1834 16814250 2.5561072
2138 1830 16814256 2.5561072
2134 1833 16814262 2.5561072
2133 1833 16814268 2.5561072
2136 1834 16814273 2.5561072
2138 1833 16814279 2.5561072
2137 1835 16814285 2.5561072
2135 1836 16814291 2.5561072
2138 1833 16814297 2.5561072
2135 1835 16814303 2.5561072
2134 1837 16814308 2.5561072
2135 1831 16814314 2.5561072
2133 1835 16814320 2.5561072
2129 1836 16814326 2.5561072
2136 1832 16814332 2.5561072
2130 1835 16814338 2.5561072
2131 1830 16814344 2.5561072
2135 1835 16814349 2.5561072
2135 1829 16814355 2.5561072
2134 1827 16814361 2.5561072
2138 1834 16814367 2.5561072
2134 1837 16814373 2.5561072
2133 1832 16814379 2.5561072
2135 1834 16814384 2.5561072
2136 1837 16814390 2.5561072
2134 1832 16814396 2.5561072
2134 1834 16814402 2.5561072
2135 1830 16814408 2.5561072
2136 1832 16814414 2.5561072
2134 1836 16814419 2.5561072
2135 1839 16814425 2.5561072
2135 1829 16814431 2.5561072
2135 1838 16814437 2.5561072
2128 1840 16814443 2.5561072
2135 1832 16814449 2.5561072
2137 1836 16814454 2.5561072
2141 1834 16814460 2.5561072
2135 1834 16814466 2.5561072
2134 1832 16814472 2.5561072
2134 1832 16814478 2.5561072
2136 1833 16814484 2.5561072
2131 1831 16814489 2.5561072
2134 1833 16814495 2.5561072
2135 1835 16814501 2.5561072
2137 1836 16814507 2.5561072
2139 1832 16814513 2.5561072
2135 1834 16814519 2.5561072
2138 1833 16814525 2.5561072
2131 1832 16814530 2.5561072
2138 1837 16814536 2.5561072
2136 1837 16814542 2.5561072
2132 1831 16814548 2.5561072
2136 1835 16814554 2.5561072
2135 1836 16814560 2.5561072
2137 1837 16814565 2.5561072
2136 1837 16814571 2.5561072
2139 1834 16814577 2.5561072
2136 1839 16814583 2.5561072
2138 1836 16814589 2.5561072
2139 1837 16814595 2.5561072
2136 1837 16814600 2.5561072
2140 1839 16814606 2.5561072
2135 1836 16814612 2.5561072
2139 1837 16814618 2.5561072
2137 1835 16814624 2.5561072
2137 1836 16814630 2.5561072
2140 1834 16814635 2.5561072
2141 1837 16814641 2.5561072
2135 1837 16814647 2.5561072
2134 1835 16814653 2.5561072
2138 1831 16814659 2.5561072
2138 1834 16814665 2.5561072
2135 1832 16814670 2.5561072
2133 1837 16814676 2.5561072
2134 1835 16814682 2.5561072
2132 1832 16814688 2.5561072
2132 1833 16814694 2.5561072
2133 1832 16814700 2.5561072
2135 1833 16814705 2.5561072
2128 1829 16814711 2.5561072
2128 1833 16814717 2.5561072
2130 1830 16814723 2.5561072
2139 1832 16814729 2.5561072
2133 1834 16814735 2.5561072
2131 1836 16814740 2.5561072
2137 1836 16814746 2.5561072
2135 1830 16814752 2.5561072
2136 1837 16814758 2.5561072
2140 1831 16814764 2.5561072
2134 1832 16814770 2.5561072
2135 1828 16814776 2.5561072
2133 1833 16814781 2.5561072
2134 1834 16814787 2.5561072
2135 1834 16814793 2.5561072
2134 1832 16814799 2.5561072
2139 1837 16814805 2.5561072
2140 1836 16814811 2.5561072
2136 1838 16814816 2.5561072
2137 1838 16814822 2.5561072
2139 1838 16814828 2.5561072
2139 1837 16814834 2.5561072
2138 1836 16814840 2.5561072
2136 1838 16814846 2.5561072
2138 1837 16814851 2.5561072
2134 1835 16814857 2.5561072
2137 1836 16814863 2.5561072
2137 1832 16814869 2.5561072
2141 1835 16814875 2.5561072
2141 1837 16814881 2.5561072
2130 1830 16814886 2.5561072
2137 1837 16814892 2.5561072
2133 1837 16814898 2.5561072
2137 1831 16814904 2.5561072
2135 1834 16814910 2.5561072
2131 1835 16814916 2.5561072
2133 1832 16814921 2.5561072
2138 1833 16814927 2.5561072
2132 1832 16814933 2.5561072
2137 1832 16814939 2.5561072
2131 1832 16814945 2.5561072
2133 1831 16814951 2.5561072
2131 1830 16814956 2.5561072
2132 1830 16814962 2.5561072
2129 1831 16814968 2.5561072
2129 1830 16814974 2.5561072
2130 1826 16814980 2.5561072
2132 1831 16814986 2.5561072
2131 1831 16814992 2.5561072
2132 1832 16814999 2.5561072
2133 1840 16815005 2.5561072
2133 1835 16815011 2.5561072
2132 1832 16815016 2.5561072
2134 1829 16815022 2.5561072
2133 1830 16815028 2.5561072
2135 1835 16815034 2.5561072
2132 1833 16815040 2.5561072
2136 1834 16815046 2.5561072
2136 1833 16815052 2.5561072
2138 1835 16815057 2.5561072
2135 1831 16815063 2.5561072
2137 1834 16815069 2.5561072
2137 1835 16815075 2.5561072
2137 1835 16815081 2.5561072
2135 1836 16815087 2.5561072
2137 1835 16815092 2.5561072
2136 1840 16815098 2.5561072
2135 1833 16815104 2.5561072
2136 1835 16815110 2.5561072
2135 1824 16815116 2.5561072
2136 1828 16815122 2.5561072
2137 1834 16815127 2.5561072
2137 1834 16815133 2.5561072
2133 1829 16815139 2.5561072
2133 1828 16815145 2.5561072
2135 1833 16815151 2.5561072
2132 1828 16815157 2.5561072
2134 1831 16815162 2.5561072
2134 1827 16815168 2.5561072
2132 1832 16815174 2.5561072
2129 1833 16815180 2.5561072
2131 1830 16815186 2.5561072
2132 1834 16815192 2.5561072
2128 1829 16815197 2.5561072
2131 1823 16815203 2.5561072
2133 1832 16815209 2.5561072
2127 1828 16815215 2.5561072
2127 1826 16815221 2.5561072
2132 1829 16815227 2.5561072
2132 1826 16815233 2.5561072
2131 1831 16815238 2.5561072
2135 1831 16815244 2.5561072
2130 1832 16815250 2.5561072
2134 1834 16815256 2.5561072
2133 1834 16815262 2.5561072
2137 1835 16815268 2.5561072
2135 1833 16815273 2.5561072
2131 1829 16815279 2.5561072
2134 1832 16815285 2.5561072
2133 1832 16815291 2.5561072
2135 1837 16815297 2.5561072
2137 1834 16815303 2.5561072
2140 1832 16815308 2.5561072
2138 1833 16815314 2.5561072
2135 1835 16815320 2.5561072
2138 1836 16815326 2.5561072
2138 1835 16815332 2.5561072
2137 1834 16815338 2.5561072
2135 1835 16815343 2.5561072
2136 1832 16815349 2.5561072
2137 1835 16815355 2.5561072
2135 1839 16815361 2.5561072
2140 1826 16815367 2.5561072
2134 1835 16815373 2.5561072
2134 1833 16815378 2.5561072
2138 1835 16815384 2.5561072
2132 1832 16815390 2.5561072
2134 1832 16815396 2.5561072
2135 1834 16815402 2.5561072
2132 1831 16815408 2.5561072
2135 1834 16815413 2.5561072
2133 1833 16815419 2.5561072
2135 1830 16815425 2.5561072
2133 1834 16815431 2.5561072
2132 1835 16815437 2.5561072
2132 1834 16815443 2.5561072
2130 1827 16815448 2.5561072
2133 1832 16815454 2.5561072
2129 1828 16815460 2.5561072
2132 1829 16815466 2.5561072
2134 1834 16815472 2.5561072
2132 1832 16815478 2.5561072
2137 1832 16815484 2.5561072
2133 1835 16815489 2.5561072
2136 1833 16815495 2.5561072
2138 1831 16815501 2.5561072
2136 1830 16815507 2.5561072
2136 1832 16815513 2.5561072
2133 1832 16815519 2.5561072
2133 1836 16815524 2.5561072
2132 1834 16815530 2.5561072
2134 1825 16815536 2.5561072
2134 1830 16815542 2.5561072
2135 1833 16815548 2.5561072
2132 1835 16815554 2.5561072
2136 1835 16815559 2.5561072
2136 1832 16815565 2.5561072
2139 1831 16815571 2.5561072
2132 1830 16815577 2.5561072
2137 1832 16815583 2.5561072
2135 1835 16815589 2.5561072
2131 1831 16815594 2.5561072
2136 1834 16815600 2.5561072
2133 1831 16815606 2.5561072
2137 1835 16815612 2.5561072
2134 1835 16815618 2.5561072
2131 1834 16815624 2.5561072
2132 1833 16815629 2.5561072
2137 1830 16815635 2.5561072
2133 1831 16815641 2.5561072
2135 1832 16815647 2.5561072
2132 1838 16815653 2.5561072
2133 1831 16815659 2.5561072
2129 1830 16815664 2.5561072
2133 1831 16815670 2.5561072
2136 1827 16815676 2.5561072
2130 1831 16815682 2.5561072
2132 1830 16815688 2.5561072
2151 1833 16815694 2.5561072
2129 1835 16815700 2.5561072
2135 1836 16815705 2.5561072
2135 1836 16815711 2.5561072
2136 1836 16815717 2.5561072
2137 1833 16815723 2.5561072
2133 1835 16815729 2.5561072
2140 1832 16815735 2.5561072
2130 1836 16815740 2.5561072
2134 1834 16815746 2.5561072
2135 1833 16815752 2.5561072
2137 1832 16815758 2.5561072
2137 1835 16815764 2.5561072
2137 1831 16815770 2.5561072
2136 1833 16815775 2.5561072
2138 1836 16815781 2.5561072
2134 1831 16815787 2.5561072
2135 1834 16815793 2.5561072
2135 1837 16815799 2.5561072
2135 1833 16815805 2.5561072
2133 1836 16815810 2.5561072
2134 1831 16815816 2.5561072
2133 1835 16815822 2.5561072
2135 1836 16815828 2.5561072
2138 1836 16815834 2.5561072
2132 1833 16815840 2.5561072
2129 1833 16815845 2.5561072
2132 1832 16815851 2.5561072
2137 1830 16815857 2.5561072
2135 1836 16815863 2.5561072
2138 1833 16815869 2.5561072
2135 1836 16815875 2.5561072
2138 1832 16815880 2.5561072
2136 1837 16815886 2.5561072
2136 1833 16815892 2.5561072
2133 1833 16815898 2.5561072
2136 1838 16815904 2.5561072
2134 1837 16815910 2.5561072
2133 1830 16815915 2.5561072
2136 1835 16815921 2.5561072
2136 1829 16815927 2.5561072
2136 1837 16815933 2.5561072
2133 1832 16815939 2.5561072
2134 1832 16815945 2.5561072
2134 1830 16815951 2.5561072
2133 1833 16815956 2.5561072
2135 1834 16815962 2.5561072
2134 1830 16815968 2.5561072
2137 1837 16815974 2.5561072
2134 1833 16815980 2.5561072
2138 1833 16815986 2.5561072
2137 1835 16815991 2.5561072
2134 1833 16815999 2.5561072
2135 1830 16816005 2.5561072
2137 1838 16816011 2.5561072
2133 1832 16816016 2.5561072
2137 1832 16816022 2.5561072
2131 1831 16816028 2.5561072
2136 1832 16816034 2.5561072
2133 1838 16816040 2.5561072
2133 1832 16816046 2.5561072
2137 1832 16816051 2.5561072
2134 1835 16816057 2.5561072
2133 1832 16816063 2.5561072
2132 1830 16816069 2.5561072
2133 1829 16816075 2.5561072
2132 1829 16816081 2.5561072
2133 1836 16816087 2.5561072
2131 1832 16816092 2.5561072
2130 1834 16816098 2.5561072
2130 1833 16816104 2.5561072
2138 1831 16816110 2.5561072
2131 1835 16816116 2.5561072
2136 1830 16816122 2.5561072
2133 1832 16816127 2.5561072
2130 1835 16816133 2.5561072
2136 1833 16816139 2.5561072
2135 1831 16816145 2.5561072
2136 1828 16816151 2.5561072
2134 1830 16816157 2.5561072
2135 1829 16816162 2.5561072
2132 1831 16816168 2.5561072
2135 1832 16816174 2.5561072
2129 1829 16816180 2.5561072
2135 1833 16816186 2.5561072
2132 1830 16816192 2.5561072
2134 1832 16816197 2.5561072
2135 1835 16816203 2.5561072
2132 1831 16816209 2.5561072
2137 1834 16816215 2.5561072
2138 1835 16816221 2.5561072
2138 1834 16816227 2.5561072
2138 1837 16816232 2.5561072
2135 1838 16816238 2.5561072
2137 1836 16816244 2.5561072
2136 1842 16816250 2.5561072
2138 1837 16816256 2.5561072
2137 1835 16816262 2.5561072
2131 1832 16816267 2.5561072
2136 1838 16816273 2.5561072
2139 1831 16816279 2.5561072
2133 1834 16816285 2.5561072
2134 1836 16816291 2.5561072
2134 1836 16816297 2.5561072
2137 1836 16816302 2.5561072
2131 1831 16816308 2.5561072
2127 1831 16816314 2.5561072
2133 1831 16816320 2.5561072
2135 1826 16816326 2.5561072
2133 1832 16816332 2.5561072
2133 1829 16816338 2.5561072
2132 1831 16816343 2.5561072
2134 1833 16816349 2.5561072
2128 1831 16816355 2.5561072
2132 1836 16816361 2.5561072
2135 1835 16816367 2.5561072
2134 1832 16816373 2.5561072
2134 1830 16816378 2.5561072
2134 1828 16816384 2.5561072
2133 1832 16816390 2.5561072
2134 1830 16816396 2.5561072
2134 1833 16816402 2.5561072
2139 1830 16816408 2.5561072
2130 1830 16816413 2.5561072
2132 1835 16816419 2.5561072
2138 1835 16816425 2.5561072
2137 1834 16816431 2.5561072
2138 1836 16816437 2.5561072
2140 1835 16816443 2.5561072
2131 1830 16816448 2.5561072
2134 1834 16816454 2.5561072
2130 1830 16816460 2.5561072
2136 1837 16816466 2.5561072
2138 1836 16816472 2.5561072
2134 1834 16816478 2.5561072
2134 1838 16816483 2.5561072
2137 1833 16816489 2.5561072
2139 1839 16816495 2.5561072
2138 1836 16816501 2.5561072
2134 1837 16816507 2.5561072
2139 1833 16816513 2.5561072
2136 1833 16816519 2.5561072
2129 1828 16816524 2.5561072
2132 1831 16816530 2.5561072
2132 1840 16816536 2.5561072
2136 1834 16816542 2.5561072
2137 1835 16816548 2.5561072
2138 1833 16816554 2.5561072
2138 1836 16816559 2.5561072
2131 1831 16816565 2.5561072
2132 1837 16816571 2.5561072
2131 1832 16816577 2.5561072
2131 1825 16816583 2.5561072
2130 1831 16816589 2.5561072
2129 1824 16816594 2.5561072
2132 1828 16816600 2.5561072
2133 1835 16816606 2.5561072
2136 1840 16816612 2.5561072
2143 1839 16816618 2.5561072
2134 1840 16816624 2.5561072
2137 1832 16816629 2.5561072
2137 1833 16816635 2.5561072
2133 1832 16816641 2.5561072
2129 1834 16816647 2.5561072
2137 1831 16816653 2.5561072
2134 1830 16816659 2.5561072
2135 1832 16816664 2.5561072
2134 1839 16816670 2.5561072
2139 1831 16816676 2.5561072
2136 1831 16816682 2.5561072
2135 1835 16816688 2.5561072
2141 1842 16816694 2.5561072
2137 1838 16816699 2.5561072
2135 1836 16816705 2.5561072
2134 1834 16816711 2.5561072
2133 1831 16816717 2.5561072
2131 1836 16816723 2.5561072
2134 1837 16816729 2.5561072
2135 1833 16816734 2.5561072
2140 1836 16816740 2.5561072
2138 1832 16816746 2.5561072
2140 1837 16816752 2.5561072
2131 1837 16816758 2.5561072
2129 1831 16816764 2.5561072
2132 1832 16816770 2.5561072
2131 1828 16816775 2.5561072
2136 1832 16816781 2.5561072
2132 1834 16816787 2.5561072
2134 1832 16816793 2.5561072
2136 1835 16816799 2.5561072
2137 1833 16816805 2.5561072
2138 1837 16816810 2.5561072
2132 1831 16816816 2.5561072
2129 1834 16816822 2.5561072
2128 1830 16816828 2.5561072
2131 1834 16816834 2.5561072
2134 1832 16816840 2.5561072
2131 1829 16816845 2.5561072
2133 1828 16816851 2.5561072
2137 1837 16816857 2.5561072
2139 1838 16816863 2.5561072
2138 1838 16816869 2.5561072
2135 1836 16816875 2.5561072
2135 1830 16816880 2.5561072
2130 1830 16816886 2.5561072
2136 1830 16816892 2.5561072
2132 1830 16816898 2.5561072
2132 1832 16816904 2.5561072
2134 1834 16816910 2.5561072
2135 1832 16816915 2.5561072
2132 1833 16816921 2.5561072
2133 1833 16816927 2.5561072
2131 1828 16816933 2.5561072
2134 1835 16816939 2.5561072
2134 1836 16816945 2.5561072
2134 1828 16816950 2.5561072
2133 1835 16816956 2.5561072
2130 1830 16816962 2.5561072
2131 1830 16816968 2.5561072
2132 1835 16816974 2.5561072
2133 1834 16816980 2.5561072
2130 1835 16816986 2.5561072
2131 1833 16816991 2.5561072
2138 1831 16816999 2.5561072
2140 1843 16817005 2.5561072
2140 1833 16817011 2.5561072
2137 1834 16817016 2.5561072
2131 1833 16817022 2.5561072
2131 1829 16817028 2.5561072
2134 1829 16817034 2.5561072
2128 1825 16817040 2.5561072
2131 1830 16817046 2.5561072
2132 1832 16817051 2.5561072
2131 1835 16817057 2.5561072
2136 1835 16817063 2.5561072
2134 1835 16817069 2.5561072
2131 1829 16817075 2.5561072
2133 1834 16817081 2.5561072
2131 1828 16817086 2.5561072
2132 1830 16817092 2.5561072
2133 1833 16817098 2.5561072
2133 1834 16817104 2.5561072
2131 1829 16817110 2.5561072
2133 1829 16817116 2.5561072
2130 1832 16817121 2.5561072
2134 1832 16817127 2.5561072
2133 1832 16817133 2.5561072
2135 1833 16817139 2.5561072
2135 1833 16817145 2.5561072
2133 1831 16817151 2.5561072
2138 1839 16817156 2.5561072
2135 1833 16817162 2.5561072
2128 1829 16817168 2.5561072
2128 1829 16817174 2.5561072
2126 1825 16817180 2.5561072
2131 1829 16817186 2.5561072
2132 1832 16817191 2.5561072
2131 1835 16817197 2.5561072
2135 1837 16817203 2.5561072
2134 1828 16817209 2.5561072
2133 1834 16817215 2.5561072
2139 1833 16817221 2.5561072
2133 1831 16817227 2.5561072
2135 1834 16817232 2.5561072
2130 1830 16817238 2.5561072
2131 1827 16817244 2.5561072
2132 1831 16817250 2.5561072
2132 1832 16817256 2.5561072
2136 1837 16817262 2.5561072
2138 1839 16817267 2.5561072
2137 1838 16817273 2.5561072
2143 1838 16817279 2.5561072
2133 1828 16817285 2.5561072
2134 1831 16817291 2.5561072
2135 1831 16817297 2.5561072
2131 1831 16817302 2.5561072
2133 1835 16817308 2.5561072
2129 1828 16817314 2.5561072
2125 1830 16817320 2.5561072
2135 1829 16817326 2.5561072
2132 1831 16817332 2.5561072
2133 1834 16817337 2.5561072
2138 1834 16817343 2.5561072
2133 1833 16817349 2.5561072
2134 1831 16817355 2.5561072
2135 1832 16817361 2.5561072
2134 1836 16817367 2.5561072
2133 1833 16817372 2.5561072
2135 1831 16817378 2.5561072
2134 1828 16817384 2.5561072
2134 1832 16817390 2.5561072
2131 1830 16817396 2.5561072
2136 1832 16817402 2.5561072
2136 1835 16817408 2.5561072
2138 1836 16817413 2.5561072
2136 1833 16817419 2.5561072
2135 1834 16817425 2.5561072
2136 1828 16817431 2.5561072
2128 1829 16817437 2.5561072
2133 1832 16817443 2.5561072
2124 1824 16817448 2.5561072
2124 1829 16817454 2.5561072
2127 1827 16817460 2.5561072
2134 1829 16817466 2.5561072
2142 1837 16817472 2.5561072
2133 1832 16817478 2.5561072
2134 1835 16817483 2.5561072
2137 1833 16817489 2.5561072
2137 1834 16817495 2.5561072
2133 1833 16817501 2.5561072
2130 1834 16817507 2.5561072
2136 1835 16817513 2.5561072
2135 1832 16817518 2.5561072
2135 1829 16817524 2.5561072
2133 1829 16817530 2.5561072
2136 1831 16817536 2.5561072
2136 1832 16817542 2.5561072
2134 1833 16817548 2.5561072
2135 1831 16817553 2.5561072
2135 1834 16817559 2.5561072
2137 1837 16817565 2.5561072
2134 1831 16817571 2.5561072
2134 1830 16817577 2.5561072
2133 1834 16817583 2.5561072
2130 1828 16817588 2.5561072
2133 1830 16817594 2.5561072
2134 1830 16817600 2.5561072
2132 1832 16817606 2.5561072
2133 1834 16817612 2.5561072
2133 1834 16817618 2.5561072
2134 1833 16817623 2.5561072
2132 1830 16817629 2.5561072
2132 1825 16817635 2.5561072
2128 1828 16817641 2.5561072
2129 1829 16817647 2.5561072
2132 1831 16817653 2.5561072
2135 1830 16817659 2.5561072
2129 1830 16817664 2.5561072
2131 1826 16817670 2.5561072
2129 1825 16817676 2.5561072
2129 1835 16817682 2.5561072
2130 1829 16817688 2.5561072
2130 1828 16817694 2.5561072
2129 1836 16817699 2.5561072
2131 1827 16817705 2.5561072
2127 1826 16817711 2.5561072
2131 1830 16817717 2.5561072
2133 1830 16817723 2.5561072
2130 1829 16817729 2.5561072
2131 1831 16817734 2.5561072
2132 1832 16817740 2.5561072
2131 1828 16817746 2.5561072
2133 1832 16817752 2.5561072
2133 1833 16817758 2.5561072
2130 1831 16817764 2.5561072
2132 1827 16817769 2.5561072
2131 1833 16817775 2.5561072
2130 1831 16817781 2.5561072
2133 1834 16817787 2.5561072
2129 1841 16817793 2.5561072
2132 1834 16817799 2.5561072
2129 1832 16817804 2.5561072
2133 1827 16817810 2.5561072
2135 1832 16817816 2.5561072
2129 1834 16817822 2.5561072
2132 1834 16817828 2.5561072
2134 1836 16817834 2.5561072
2133 1832 16817839 2.5561072
2131 1836 16817845 2.5561072
2137 1825 16817851 2.5561072
2133 1835 16817857 2.5561072
2130 1834 16817863 2.5561072
2133 1828 16817869 2.5561072
2136 1832 16817875 2.5561072
2132 1831 16817880 2.5561072
2137 1829 16817886 2.5561072
2128 1826 16817892 2.5561072
2132 1831 16817898 2.5561072
2131 1832 16817904 2.5561072
2129 1822 16817910 2.5561072
2131 1829 16817915 2.5561072
2128 1831 16817921 2.5561072
2127 1825 16817927 2.5561072
2125 1830 16817933 2.5561072
2128 1828 16817939 2.5561072
2130 1826 16817945 2.5561072
2132 1826 16817950 2.5561072
2129 1828 16817956 2.5561072
2129 1827 16817962 2.5561072
2125 1825 16817968 2.5561072
2127 1825 16817974 2.5561072
2128 1826 16817980 2.5561072
2135 1831 16817985 2.5561072
2128 1827 16817991 2.5561072
2130 1829 16817998 2.5561072
2131 1826 16818005 2.5561072
2133 1833 16818010 2.5561072
2137 1829 16818016 2.5561072
2132 1835 16818022 2.5561072
2136 1832 16818028 2.5561072
2131 1830 16818034 2.5561072
2138 1836 16818040 2.5561072
2133 1836 16818046 2.5561072
2132 1834 16818051 2.5561072
2136 1836 16818057 2.5561072
2137 1831 16818063 2.5561072
2132 1836 16818069 2.5561072
2131 1836 16818075 2.5561072
2135 1832 16818081 2.5561072
2134 1834 16818086 2.5561072
2132 1832 16818092 2.5561072
2133 1830 16818098 2.5561072
2135 1837 16818104 2.5561072
2137 1832 16818110 2.5561072
2135 1835 16818116 2.5561072
2132 1834 16818121 2.5561072
2136 1832 16818127 2.5561072
2128 1830 16818133 2.5561072
2131 1822 16818139 2.5561072
2132 1833 16818145 2.5561072
2134 1830 16818151 2.5561072
2132 1826 16818156 2.5561072
2130 1832 16818162 2.5561072
2126 1828 16818168 2.5561072
2128 1826 16818174 2.5561072
2128 1827 16818180 2.5561072
2132 1827 16818186 2.5561072
2129 1829 16818191 2.5561072
2131 1831 16818197 2.5561072
2131 1831 16818203 2.5561072
2129 1832 16818209 2.5561072
2129 1828 16818215 2.5561072
2134 1830 16818221 2.5561072
2130 1826 16818226 2.5561072
2129 1832 16818232 2.5561072
2134 1834 16818238 2.5561072
2131 1830 16818244 2.5561072
2130 1829 16818250 2.5561072
2130 1826 16818256 2.5561072
2133 1829 16818262 2.5561072
2129 1831 16818267 2.5561072
2132 1829 16818273 2.5561072
2134 1831 16818279 2.5561072
2133 1826 16818285 2.5561072
2127 1831 16818291 2.5561072
2136 1834 16818297 2.5561072
2134 1834 16818302 2.5561072
2130 1832 16818308 2.5561072
2134 1831 16818314 2.5561072
2128 1831 16818320 2.5561072
2137 1832 16818326 2.5561072
2133 1849 16818332 2.5561072
2132 1831 16818337 2.5561072
2130 1830 16818343 2.5561072
2132 1832 16818349 2.5561072
2130 1828 16818355 2.5561072
2134 1831 16818361 2.5561072
2132 1833 16818367 2.5561072
2133 1833 16818372 2.5561072
2135 1833 16818378 2.5561072
2134 1833 16818384 2.5561072
2134 1829 16818390 2.5561072
2131 1826 16818396 2.5561072
2133 1834 16818402 2.5561072
2129 1828 16818407 2.5561072
2126 1828 16818413 2.5561072
2128 1830 16818419 2.5561072
2127 1824 16818425 2.5561072
2130 1829 16818431 2.5561072
2130 1830 16818437 2.5561072
2129 1827 16818442 2.5561072
2129 1830 16818448 2.5561072
2135 1826 16818454 2.5561072
2131 1827 16818460 2.5561072
2127 1829 16818466 2.5561072
2128 1830 16818472 2.5561072
2126 1831 16818477 2.5561072
2129 1830 16818483 2.5561072
2130 1831 16818489 2.5561072
2128 1826 16818495 2.5561072
2133 1829 16818501 2.5561072
2132 1827 16818507 2.5561072
2132 1833 16818513 2.5561072
2131 1829 16818518 2.5561072
2130 1830 16818524 2.5561072
2131 1826 16818530 2.5561072
2133 1831 16818536 2.5561072
2131 1831 16818542 2.5561072
2127 1831 16818548 2.5561072
2129 1825 16818553 2.5561072
2134 1829 16818559 2.5561072
2130 1828 16818565 2.5561072
2130 1830 16818571 2.5561072
2130 1832 16818577 2.5561072
2135 1831 16818583 2.5561072
2133 1829 16818588 2.5561072
2128 1833 16818594 2.5561072
2131 1831 16818600 2.5561072
2131 1828 16818606 2.5561072
2132 1833 16818612 2.5561072
2132 1831 16818618 2.5561072
2131 1821 16818623 2.5561072
2134 1832 16818629 2.5561072
2129 1828 16818635 2.5561072
2125 1827 16818641 2.5561072
2125 1829 16818647 2.5561072
2128 1829 16818653 2.5561072
2130 1829 16818658 2.5561072
2128 1830 16818664 2.5561072
2130 1828 16818670 2.5561072
2128 1830 16818676 2.5561072
2127 1828 16818682 2.5561072
2129 1828 16818688 2.5561072
2125 1827 16818694 2.5561072
2127 1825 16818699 2.5561072
2126 1827 16818705 2.5561072
2125 1823 16818711 2.5561072
2129 1827 16818717 2.5561072
2128 1825 16818723 2.5561072
2130 1828 16818729 2.5561072
2130 1830 16818734 2.5561072
2130 1826 16818740 2.5561072
2125 1830 16818746 2.5561072
2124 1827 16818752 2.5561072
2131 1827 16818758 2.5561072
2130 1835 16818764 2.5561072
2127 1827 16818769 2.5561072
2130 1826 16818775 2.5561072
2133 1826 16818781 2.5561072
2132 1825 16818787 2.5561072
2130 1831 16818793 2.5561072
2127 1832 16818799 2.5561072
2131 1829 16818804 2.5561072
2134 1829 16818810 2.5561072
2130 1831 16818816 2.5561072
2131 1829 16818822 2.5561072
2128 1831 16818828 2.5561072
2132 1835 16818834 2.5561072
2132 1834 16818839 2.5561072
2130 1832 16818845 2.5561072
2129 1830 16818851 2.5561072
2135 1824 16818857 2.5561072
2132 1826 16818863 2.5561072
2130 1837 16818869 2.5561072
2137 1833 16818874 2.5561072
2131 1826 16818880 2.5561072
2129 1826 16818886 2.5561072
2133 1828 16818892 2.5561072
2132 1827 16818898 2.5561072
2132 1829 16818904 2.5561072
2122 1826 16818909 2.5561072
2134 1828 16818915 2.5561072
2130 1831 16818921 2.5561072
2130 1830 16818927 2.5561072
2129 1829 16818933 2.5561072
2133 1829 16818939 2.5561072
2131 1828 16818945 2.5561072
2132 1824 16818950 2.5561072
2133 1830 16818956 2.5561072
2125 1824 16818962 2.5561072
2130 1829 16818968 2.5561072
2134 1831 16818974 2.5561072
2129 1830 16818980 2.5561072
2131 1830 16818985 2.5561072
2133 1830 16818991 2.5561072
2131 1830 16818999 2.5561072
2133 1830 16819005 2.5561072
2134 1826 16819011 2.5561072
2130 1829 16819017 2.5561072
2130 1826 16819023 2.5561072
2130 1827 16819029 2.5561072
2132 1834 16819034 2.5561072
2126 1831 16819040 2.5561072
2133 1829 16819046 2.5561072
2133 1833 16819052 2.5561072
2126 1831 16819058 2.5561072
2133 1832 16819064 2.5561072
2131 1827 16819069 2.5561072
2129 1830 16819075 2.5561072
2131 1831 16819081 2.5561072
2134 1835 16819087 2.5561072
2136 1833 16819093 2.5561072
2131 1834 16819099 2.5561072
2126 1822 16819104 2.5561072
2134 1833 16819110 2.5561072
2134 1831 16819116 2.5561072
2138 1828 16819122 2.5561072
2134 1838 16819128 2.5561072
2134 1832 16819134 2.5561072
2132 1828 16819139 2.5561072
2131 1831 16819145 2.5561072
2130 1830 16819151 2.5561072
2130 1831 16819157 2.5561072
2130 1825 16819163 2.5561072
2126 1825 16819169 2.5561072
2129 1828 16819174 2.5561072
2130 1826 16819180 2.5561072
2129 1826 16819186 2.5561072
2124 1828 16819192 2.5561072
2126 1824 16819198 2.5561072
2128 1822 16819204 2.5561072
2129 1829 16819210 2.5561072
2126 1824 16819215 2.5561072
2128 1825 16819221 2.5561072
2126 1824 16819227 2.5561072
2130 1829 16819233 2.5561072
2129 1825 16819239 2.5561072
2129 1828 16819245 2.5561072
2125 1825 16819250 2.5561072
2129 1827 16819256 2.5561072
2126 1829 16819262 2.5561072
2130 1827 16819268 2.5561072
2130 1829 16819274 2.5561072
2127 1826 16819280 2.5561072
2128 1830 16819285 2.5561072
2130 1827 16819291 2.5561072
2129 1826 16819297 2.5561072
2128 1823 16819303 2.5561072
2128 1824 16819309 2.5561072
2124 1827 16819315 2.5561072
2126 1824 16819320 2.5561072
2128 1823 16819326 2.5561072
2131 1837 16819332 2.5561072
2135 1832 16819338 2.5561072
2134 1831 16819344 2.5561072
2132 1827 16819350 2.5561072
2131 1832 16819355 2.5561072
2130 1831 16819361 2.5561072
2131 1833 16819367 2.5561072
2132 1828 16819373 2.5561072
2131 1830 16819379 2.5561072
2133 1828 16819385 2.5561072
2129 1835 16819390 2.5561072
2125 1832 16819396 2.5561072
2131 1828 16819402 2.5561072
2131 1828 16819408 2.5561072
2132 1828 16819414 2.5561072
2134 1829 16819420 2.5561072
2126 1829 16819425 2.5561072
2128 1829 16819431 2.5561072
2128 1827 16819437 2.5561072
2131 1831 16819443 2.5561072
2133 1827 16819449 2.5561072
2128 1830 16819455 2.5561072
2124 1827 16819461 2.5561072
2129 1826 16819466 2.5561072
2128 1829 16819472 2.5561072
2129 1826 16819478 2.5561072
2130 1831 16819484 2.5561072
2133 1825 16819490 2.5561072
2133 1831 16819496 2.5561072
2130 1826 16819501 2.5561072
2129 1827 16819507 2.5561072
2130 1829 16819513 2.5561072
2130 1821 16819519 2.5561072
2129 1828 16819525 2.5561072
2128 1828 16819531 2.5561072
2125 1823 16819536 2.5561072
2124 1826 16819542 2.5561072
2128 1832 16819548 2.5561072
2128 1825 16819554 2.5561072
2128 1831 16819560 2.5561072
2128 1829 16819566 2.5561072
2131 1826 16819571 2.5561072
2130 1826 16819577 2.5561072
2130 1828 16819583 2.5561072
2133 1828 16819589 2.5561072
2131 1829 16819595 2.5561072
2131 1830 16819601 2.5561072
2130 1832 16819606 2.5561072
2130 1832 16819612 2.5561072
2134 1831 16819618 2.5561072
2135 1832 16819624 2.5561072
2133 1836 16819630 2.5561072
2129 1828 16819636 2.5561072
2133 1828 16819641 2.5561072
2131 1831 16819647 2.5561072
2131 1828 16819653 2.5561072
2132 1832 16819659 2.5561072
2129 1830 16819665 2.5561072
2130 1829 16819671 2.5561072
2131 1828 16819677 2.5561072
2133 1829 16819682 2.5561072
2128 1826 16819688 2.5561072
2130 1832 16819694 2.5561072
2129 1828 16819700 2.5561072
2133 1827 16819706 2.5561072
2128 1826 16819712 2.5561072
2127 1831 16819717 2.5561072
2129 1830 16819723 2.5561072
2123 1824 16819729 2.5561072
2127 1825 16819735 2.5561072
2130 1829 16819741 2.5561072
2125 1824 16819747 2.5561072
2127 1823 16819752 2.5561072
2128 1823 16819758 2.5561072
2129 1827 16819764 2.5561072
2132 1829 16819770 2.5561072
2123 1828 16819776 2.5561072
2131 1820 16819782 2.5561072
2130 1828 16819787 2.5561072
2128 1830 16819793 2.5561072
2127 1827 16819799 2.5561072
2125 1826 16819805 2.5561072
2127 1826 16819811 2.5561072
2126 1822 16819817 2.5561072
2126 1825 16819822 2.5561072
2129 1829 16819828 2.5561072
2131 1832 16819834 2.5561072
2130 1832 16819840 2.5561072
2133 1833 16819846 2.5561072
2135 1827 16819852 2.5561072
2132 1832 16819857 2.5561072
2133 1830 16819863 2.5561072
2129 1825 16819869 2.5561072
2129 1830 16819875 2.5561072
2124 1827 16819881 2.5561072
2128 1827 16819887 2.5561072
2130 1827 16819892 2.5561072
2136 1830 16819898 2.5561072
2135 1833 16819904 2.5561072
2133 1831 16819910 2.5561072
2129 1830 16819916 2.5561072
2131 1830 16819922 2.5561072
2127 1826 16819928 2.5561072
2133 1829 16819933 2.5561072
2130 1826 16819939 2.5561072
2125 1831 16819945 2.5561072
2128 1826 16819951 2.5561072
2127 1825 16819957 2.5561072
2132 1824 16819963 2.5561072
2130 1832 16819968 2.5561072
2132 1832 16819974 2.5561072
2134 1831 16819980 2.5561072
2131 1825 16819986 2.5561072
2127 1832 16819992 2.5561072
2124 1828 16819999 2.5561072
2123 1823 16820005 2.5561072
2128 1825 16820010 2.5561072
2124 1828 16820016 2.5561072
2125 1822 16820022 2.5561072
2128 1825 16820028 2.5561072
2128 1825 16820034 2.5561072
2132 1831 16820040 2.5561072
2136 1825 16820045 2.5561072
2130 1829 16820051 2.5561072
2125 1826 16820057 2.5561072
2124 1821 16820063 2.5561072
2123 1824 16820069 2.5561072
2123 1820 16820075 2.5561072
2120 1824 16820080 2.5561072
2125 1822 16820086 2.5561072
2127 1822 16820092 2.5561072
2130 1828 16820098 2.5561072
2132 1825 16820104 2.5561072
2133 1833 16820110 2.5561072
2131 1830 16820116 2.5561072
2131 1828 16820121 2.5561072
2132 1828 16820127 2.5561072
2126 1825 16820133 2.5561072
2128 1824 16820139 2.5561072
2127 1827 16820145 2.5561072
2128 1825 16820151 2.5561072
2131 1830 16820156 2.5561072
2130 1830 16820162 2.5561072
2133 1826 16820168 2.5561072
2135 1835 16820174 2.5561072
2131 1830 16820180 2.5561072
2135 1833 16820186 2.5561072
2131 1830 16820191 2.5561072
2127 1828 16820197 2.5561072
2128 1824 16820203 2.5561072
2126 1823 16820209 2.5561072
2125 1825 16820215 2.5561072
2126 1827 16820221 2.5561072
2127 1830 16820226 2.5561072
2130 1828 16820232 2.5561072
2127 1828 16820238 2.5561072
2133 1828 16820244 2.5561072
2131 1824 16820250 2.5561072
2126 1825 16820256 2.5561072
2124 1822 16820261 2.5561072
2124 1824 16820267 2.5561072
2128 1823 16820273 2.5561072
2124 1822 16820279 2.5561072
2124 1819 16820285 2.5561072
2124 1825 16820291 2.5561072
2124 1823 16820296 2.5561072
2125 1824 16820302 2.5561072
2130 1830 16820308 2.5561072
2122 1825 16820314 2.5561072
2129 1821 16820320 2.5561072
2126 1825 16820326 2.5561072
2124 1822 16820332 2.5561072
2122 1818 16820337 2.5561072
2118 1819 16820343 2.5561072
2117 1822 16820349 2.5561072
2122 1823 16820355 2.5561072
2130 1828 16820361 2.5561072
2129 1825 16820367 2.5561072
2127 1826 16820372 2.5561072
2135 1830 16820378 2.5561072
2133 1826 16820384 2.5561072
2130 1829 16820390 2.5561072
2129 1830 16820396 2.5561072
2127 1827 16820402 2.5561072
2131 1831 16820407 2.5561072
2128 1825 16820413 2.5561072
2129 1826 16820419 2.5561072
2133 1835 16820425 2.5561072
2133 1831 16820431 2.5561072
2136 1831 16820437 2.5561072
2133 1830 16820442 2.5561072
2129 1825 16820448 2.5561072
2126 1822 16820454 2.5561072
2125 1829 16820460 2.5561072
2129 1826 16820466 2.5561072
2125 1823 16820472 2.5561072
2126 1821 16820477 2.5561072
2128 1823 16820483 2.5561072
2129 1823 16820489 2.5561072
2125 1826 16820495 2.5561072
2124 1822 16820501 2.5561072
2126 1819 16820507 2.5561072
2127 1829 16820512 2.5561072
2128 1828 16820518 2.5561072
2127 1824 16820524 2.5561072
2131 1827 16820530 2.5561072
2127 1827 16820536 2.5561072
2124 1821 16820542 2.5561072
2124 1822 16820548 2.5561072
2119 1818 16820553 2.5561072
2123 1822 16820559 2.5561072
2122 1821 16820565 2.5561072
2122 1820 16820571 2.5561072
2127 1824 16820577 2.5561072
2127 1823 16820583 2.5561072
2129 1825 16820588 2.5561072
2124 1825 16820594 2.5561072
2123 1824 16820600 2.5561072
2127 1824 16820606 2.5561072
2127 1823 16820612 2.5561072
2122 1817 16820618 2.5561072
2122 1821 16820623 2.5561072
2131 1825 16820629 2.5561072
2130 1828 16820635 2.5561072
2128 1830 16820641 2.5561072
2132 1831 16820647 2.5561072
2137 1828 16820653 2.5561072
2134 1829 16820658 2.5561072
2123 1824 16820664 2.5561072
2121 1820 16820670 2.5561072
2121 1821 16820676 2.5561072
2124 1820 16820682 2.5561072
2130 1825 16820688 2.5561072
2132 1830 16820693 2.5561072
2126 1824 16820699 2.5561072
2129 1829 16820705 2.5561072
2130 1829 16820711 2.5561072
2127 1827 16820717 2.5561072
2127 1828 16820723 2.5561072
2127 1822 16820728 2.5561072
2126 1824 16820734 2.5561072
2121 1822 16820740 2.5561072
2126 1820 16820746 2.5561072
2121 1821 16820752 2.5561072
2126 1825 16820758 2.5561072
2127 1826 16820764 2.5561072
2128 1828 16820769 2.5561072
2126 1824 16820775 2.5561072
2126 1823 16820781 2.5561072
2127 1824 16820787 2.5561072
2124 1823 16820793 2.5561072
2125 1818 16820799 2.5561072
2125 1822 16820804 2.5561072
2126 1823 16820810 2.5561072
2126 1821 16820816 2.5561072
2126 1825 16820822 2.5561072
2124 1826 16820828 2.5561072
2128 1824 16820834 2.5561072
2124 1823 16820839 2.5561072
2123 1816 16820845 2.5561072
2125 1816 16820851 2.5561072
2121 1820 16820857 2.5561072
2125 1824 16820863 2.5561072
2120 1824 16820869 2.5561072
2123 1824 16820874 2.5561072
2122 1826 16820880 2.5561072
2121 1823 16820886 2.5561072
2126 1820 16820892 2.5561072
2125 1823 16820898 2.5561072
2126 1826 16820904 2.5561072
2128 1824 16820909 2.5561072
2121 1821 16820915 2.5561072
2123 1822 16820921 2.5561072
2123 1819 16820927 2.5561072
2127 1826 16820933 2.5561072
2131 1828 16820939 2.5561072
2126 1827 16820944 2.5561072
2130 1829 16820950 2.5561072
2130 1824 16820956 2.5561072
2126 1826 16820962 2.5561072
2128 1824 16820968 2.5561072
2127 1823 16820974 2.5561072
2129 1828 16820979 2.5561072
2125 1827 16820985 2.5561072
2125 1824 16820991 2.5561072
2125 1825 16820999 2.5561072
2125 1826 16821005 2.5561072
2125 1823 16821011 2.5561072
2122 1823 16821017 2.5561072
2121 1818 16821023 2.5561072
2122 1817 16821028 2.5561072
2119 1820 16821034 2.5561072
2125 1822 16821040 2.5561072
2122 1819 16821046 2.5561072
2126 1824 16821052 2.5561072
2127 1825 16821058 2.5561072
2125 1822 16821063 2.5561072
2127 1824 16821069 2.5561072
2127 1827 16821075 2.5561072
2127 1827 16821081 2.5561072
2126 1827 16821087 2.5561072
2125 1826 16821093 2.5561072
2126 1824 16821098 2.5561072
2122 1824 16821104 2.5561072
2129 1826 16821110 2.5561072
2126 1825 16821116 2.5561072
2130 1825 16821122 2.5561072
2127 1828 16821128 2.5561072
2128 1829 16821133 2.5561072
2130 1826 16821139 2.5561072
2126 1824 16821145 2.5561072
2129 1828 16821151 2.5561072
2122 1824 16821157 2.5561072
2123 1820 16821163 2.5561072
2123 1824 16821168 2.5561072
2119 1825 16821174 2.5561072
2130 1821 16821180 2.5561072
2132 1827 16797262 2.5561072
2133 1835 16797268 2.5561072
2138 1829 16797274 2.5561072
2138 1835 16797279 2.5561072
2134 1835 16797285 2.5561072
2139 1836 16797291 2.5561072
2133 1834 16797297 2.5561072
2128 1830 16797303 2.5561072
2136 1831 16797309 2.5561072
2131 1830 16797314 2.5561072
2129 1834 16797320 2.5561072
2133 1831 16797326 2.5561072
2135 1833 16797332 2.5561072
2136 1833 16797338 2.5561072
2134 1837 16797344 2.5561072
2134 1838 16797349 2.5561072
2135 1833 16797355 2.5561072
2134 1833 16797361 2.5561072
2138 1834 16797367 2.5561072
2130 1834 16797373 2.5561072
2130 1828 16797379 2.5561072
2130 1829 16797384 2.5561072
2132 1833 16797390 2.5561072
2128 1834 16797396 2.5561072
2136 1835 16797402 2.5561072
2137 1832 16797408 2.5561072
2127 1829 16797414 2.5561072
2129 1828 16797419 2.5561072
2132 1824 16797425 2.5561072
2125 1827 16797431 2.5561072
2127 1831 16797437 2.5561072
2127 1823 16797443 2.5561072
2127 1837 16797449 2.5561072
2131 1830 16797454 2.5561072
2131 1830 16797460 2.5561072
2135 1831 16797466 2.5561072
2126 1831 16797472 2.5561072
2132 1829 16797478 2.5561072
2125 1827 16797484 2.5561072
2129 1830 16797490 2.5561072
2127 1827 16797495 2.5561072
2131 1825 16797501 2.5561072
2133 1826 16797507 2.5561072
2132 1832 16797513 2.5561072
2132 1833 16797519 2.5561072
2135 1832 16797525 2.5561072
2128 1826 16797530 2.5561072
2130 1830 16797536 2.5561072
2129 1829 16797542 2.5561072
2129 1829 16797548 2.5561072
2131 1832 16797554 2.5561072
2129 1826 16797560 2.5561072
2136 1830 16797565 2.5561072
2130 1827 16797571 2.5561072
2131 1825 16797577 2.5561072
2130 1832 16797583 2.5561072
2132 1834 16797589 2.5561072
2133 1830 16797595 2.5561072
2130 1829 16797600 2.5561072
2131 1830 16797606 2.5561072
2128 1829 16797612 2.5561072
2133 1832 16797618 2.5561072
2126 1831 16797624 2.5561072
2134 1831 16797630 2.5561072
2132 1827 16797635 2.5561072
2134 1832 16797641 2.5561072
2133 1827 16797647 2.5561072
2133 1833 16797653 2.5561072
2129 1828 16797659 2.5561072
2130 1827 16797665 2.5561072
2128 1828 16797670 2.5561072
2136 1830 16797676 2.5561072
2131 1829 16797682 2.5561072
2132 1831 16797688 2.5561072
2133 1832 16797694 2.5561072
2129 1829 16797700 2.5561072
2131 1830 16797705 2.5561072
2130 1826 16797711 2.5561072
2130 1830 16797717 2.5561072
2134 1829 16797723 2.5561072
2128 1827 16797729 2.5561072
2127 1833 16797735 2.5561072
2133 1828 16797741 2.5561072
2133 1833 16797746 2.5561072
2132 1832 16797752 2.5561072
2133 1828 16797758 2.5561072
2132 1833 16797764 2.5561072
2132 1832 16797770 2.5561072
2131 1831 16797776 2.5561072
2131 1832 16797781 2.5561072
2134 1829 16797787 2.5561072
2131 1830 16797793 2.5561072
2134 1829 16797799 2.5561072
2137 1835 16797805 2.5561072
2132 1830 16797811 2.5561072
2130 1828 16797816 2.5561072
2130 1832 16797822 2.5561072
2130 1829 16797828 2.5561072
2138 1832 16797834 2.5561072
2134 1833 16797840 2.5561072
2133 1833 16797846 2.5561072
2132 1828 16797851 2.5561072
2133 1828 16797857 2.5561072
2138 1836 16797863 2.5561072
2130 1834 16797869 2.5561072
2131 1833 16797875 2.5561072
2133 1837 16797881 2.5561072
2137 1833 16797886 2.5561072
2137 1831 16797892 2.5561072
2134 1834 16797898 2.5561072
2133 1833 16797904 2.5561072
2129 1830 16797910 2.5561072
2133 1829 16797916 2.5561072
2131 1830 16797922 2.5561072
2131 1831 16797927 2.5561072
2132 1829 16797933 2.5561072
2127 1830 16797939 2.5561072
2131 1833 16797945 2.5561072
2131 1831 16797951 2.5561072
2133 1829 16797957 2.5561072
2132 1830 16797962 2.5561072
2130 1830 16797968 2.5561072
2133 1833 16797974 2.5561072
2133 1829 16797980 2.5561072
2128 1828 16797986 2.5561072
2130 1828 16797992 2.5561072
2130 1828 16797999 2.5561072
2132 1832 16798005 2.5561072
2132 1831 16798011 2.5561072
2136 1832 16798016 2.5561072
2133 1831 16798022 2.5561072
2135 1833 16798028 2.5561072
2130 1832 16798034 2.5561072
2131 1824 16798040 2.5561072
2124 1827 16798046 2.5561072
2130 1824 16798052 2.5561072
2129 1829 16798057 2.5561072
2130 1833 16798063 2.5561072
2130 1830 16798069 2.5561072
2135 1835 16798075 2.5561072
2133 1832 16798081 2.5561072
2132 1823 16798087 2.5561072
2132 1832 16798092 2.5561072
2131 1828 16798098 2.5561072
2131 1833 16798104 2.5561072
2132 1830 16798110 2.5561072
2130 1833 16798116 2.5561072
2131 1828 16798122 2.5561072
2129 1827 16798127 2.5561072
2134 1838 16798133 2.5561072
2132 1835 16798139 2.5561072
2133 1834 16798145 2.5561072
2131 1829 16798151 2.5561072
2138 1825 16798157 2.5561072
2129 1824 16798162 2.5561072
2132 1829 16798168 2.5561072
2130 1830 16798174 2.5561072
2129 1826 16798180 2.5561072
2126 1829 16798186 2.5561072
2135 1831 16798192 2.5561072
2131 1831 16798197 2.5561072
2132 1826 16798203 2.5561072
2130 1827 16798209 2.5561072
2127 1829 16798215 2.5561072
2132 1827 16798221 2.5561072
2142 1830 16798227 2.5561072
2129 1828 16798232 2.5561072
2130 1827 16798238 2.5561072
2132 1827 16798244 2.5561072
2131 1827 16798250 2.5561072
2135 1832 16798256 2.5561072
2132 1828 16798262 2.5561072
2131 1827 16798268 2.5561072
2134 1831 16798273 2.5561072
2132 1827 16798279 2.5561072
2128 1827 16798285 2.5561072
2127 1824 16798291 2.5561072
2128 1831 16798297 2.5561072
2131 1831 16798303 2.5561072
2131 1829 16798308 2.5561072
2129 1829 16798314 2.5561072
2131 1826 16798320 2.5561072
2125 1827 16798326 2.5561072
2125 1828 16798332 2.5561072
2129 1832 16798338 2.5561072
2130 1834 16798343 2.5561072
2135 1832 16798349 2.5561072
2139 1832 16798355 2.5561072
2131 1833 16798361 2.5561072
2134 1830 16798367 2.5561072
2135 1831 16798373 2.5561072
2130 1831 16798378 2.5561072
2129 1829 16798384 2.5561072
2126 1828 16798390 2.5561072
2126 1827 16798396 2.5561072
2130 1827 16798402 2.5561072
2135 1829 16798408 2.5561072
2129 1829 16798413 2.5561072
2132 1832 16798419 2.5561072
2130 1828 16798425 2.5561072
2132 1825 16798431 2.5561072
2133 1826 16798437 2.5561072
2126 1827 16798443 2.5561072
2130 1828 16798448 2.5561072
2126 1827 16798454 2.5561072
2124 1822 16798460 2.5561072
2127 1829 16798466 2.5561072
2128 1829 16798472 2.5561072
2133 1829 16798478 2.5561072
2126 1827 16798483 2.5561072
2128 1825 16798489 2.5561072
2128 1826 16798495 2.5561072
2132 1832 16798501 2.5561072
2126 1830 16798507 2.5561072
2132 1828 16798513 2.5561072
2136 1833 16798519 2.5561072
2132 1827 16798524 2.5561072
2129 1826 16798530 2.5561072
2129 1829 16798536 2.5561072
2129 1826 16798542 2.5561072
2127 1823 16798548 2.5561072
2132 1825 16798554 2.5561072
2129 1832 16798559 2.5561072
2132 1829 16798565 2.5561072
2130 1831 16798571 2.5561072
2130 1830 16798577 2.5561072
2131 1832 16798583 2.5561072
2136 1831 16798589 2.5561072
2133 1834 16798594 2.5561072
2138 1834 16798600 2.5561072
2132 1832 16798606 2.5561072
2132 1835 16798612 2.5561072
2136 1837 16798618 2.5561072
2130 1830 16798624 2.5561072
2139 1834 16798629 2.5561072
2133 1831 16798635 2.5561072
2131 1832 16798641 2.5561072
2130 1831 16798647 2.5561072
2127 1828 16798653 2.5561072
2133 1834 16798659 2.5561072
2134 1828 16798664 2.5561072
2129 1829 16798670 2.5561072
2129 1829 16798676 2.5561072
2132 1832 16798682 2.5561072
2129 1833 16798688 2.5561072
2135 1833 16798694 2.5561072
2132 1826 16798700 2.5561072
2130 1827 16798705 2.5561072
2131 1830 16798711 2.5561072
2129 1827 16798717 2.5561072
2133 1833 16798723 2.5561072
2134 1830 16798729 2.5561072
2132 1828 16798735 2.5561072
2134 1831 16798740 2.5561072
2127 1826 16798746 2.5561072
2129 1832 16798752 2.5561072
2128 1823 16798758 2.5561072
2129 1826 16798764 2.5561072
2132 1831 16798770 2.5561072
2130 1828 16798775 2.5561072
2126 1830 16798781 2.5561072
2134 1832 16798787 2.5561072
2134 1827 16798793 2.5561072
2131 1832 16798799 2.5561072
2127 1828 16798805 2.5561072
2127 1831 16798810 2.5561072
2131 1828 16798816 2.5561072
2127 1830 16798822 2.5561072
2130 1834 16798828 2.5561072
2132 1832 16798834 2.5561072
2129 1827 16798840 2.5561072
2133 1832 16798845 2.5561072
2133 1833 16798851 2.5561072
2132 1833 16798857 2.5561072
2130 1828 16798863 2.5561072
2136 1835 16798869 2.5561072
2134 1830 16798875 2.5561072
2133 1830 16798880 2.5561072
2133 1832 16798886 2.5561072
2123 1826 16798892 2.5561072
2128 1833 16798898 2.5561072
2130 1832 16798904 2.5561072
2128 1830 16798910 2.5561072
2126 1828 16798915 2.5561072
2127 1831 16798921 2.5561072
2132 1827 16798927 2.5561072
2131 1834 16798933 2.5561072
2127 1829 16798939 2.5561072
2128 1826 16798945 2.5561072
2132 1825 16798951 2.5561072
2129 1828 16798956 2.5561072
2129 1831 16798962 2.5561072
2119 1826 16798968 2.5561072
2130 1831 16798974 2.5561072
2131 1827 16798980 2.5561072
2128 1827 16798986 2.5561072
2130 1830 16798991 2.5561072
2131 1829 16798999 2.5561072
2129 1828 16799005 2.5561072
2127 1829 16799011 2.5561072
2124 1825 16799016 2.5561072
2130 1829 16799022 2.5561072
2127 1829 16799028 2.5561072
2130 1828 16799034 2.5561072
2130 1832 16799040 2.5561072
2130 1831 16799046 2.5561072
2129 1829 16799051 2.5561072
2128 1827 16799057 2.5561072
2133 1826 16799063 2.5561072
2130 1827 16799069 2.5561072
2129 1824 16799075 2.5561072
2128 1824 16799081 2.5561072
2128 1825 16799086 2.5561072
2128 1828 16799092 2.5561072
2138 1829 16799098 2.5561072
2133 1827 16799104 2.5561072
2127 1829 16799110 2.5561072
2131 1830 16799116 2.5561072
2126 1833 16799121 2.5561072
2135 1832 16799127 2.5561072
2132 1828 16799133 2.5561072
2132 1833 16799139 2.5561072
2132 1830 16799145 2.5561072
2130 1833 16799151 2.5561072
2133 1833 16799156 2.5561072
2126 1826 16799162 2.5561072
2131 1830 16799168 2.5561072
2141 1829 16799174 2.5561072
2132 1823 16799180 2.5561072
2129 1827 16799186 2.5561072
2132 1830 16799192 2.5561072
2127 1829 16799197 2.5561072
2131 1828 16799203 2.5561072
2128 1825 16799209 2.5561072
2130 1831 16799215 2.5561072
2131 1825 16799221 2.5561072
2127 1824 16799227 2.5561072
2128 1827 16799232 2.5561072
2133 1830 16799238 2.5561072
2127 1824 16799244 2.5561072
2127 1828 16799250 2.5561072
2127 1826 16799256 2.5561072
2129 1829 16799262 2.5561072
2127 1828 16799267 2.5561072
2129 1826 16799273 2.5561072
2126 1828 16799279 2.5561072
2124 1823 16799285 2.5561072
2126 1822 16799291 2.5561072
2132 1828 16799297 2.5561072
2127 1828 16799302 2.5561072
2130 1826 16799308 2.5561072
2127 1823 16799314 2.5561072
2132 1830 16799320 2.5561072
2127 1826 16799326 2.5561072
2126 1826 16799332 2.5561072
2130 1820 16799337 2.5561072
2131 1825 16799343 2.5561072
2130 1826 16799349 2.5561072
2128 1828 16799355 2.5561072
2133 1831 16799361 2.5561072
2134 1829 16799367 2.5561072
2133 1831 16799372 2.5561072
2135 1831 16799378 2.5561072
2131 1831 16799384 2.5561072
2134 1832 16799390 2.5561072
2127 1829 16799396 2.5561072
2132 1828 16799402 2.5561072
2133 1832 16799408 2.5561072
2136 1832 16799413 2.5561072
2127 1829 16799419 2.5561072
2128 1829 16799425 2.5561072
2127 1828 16799431 2.5561072
2129 1827 16799437 2.5561072
2132 1830 16799443 2.5561072
2131 1831 16799448 2.5561072
2133 1833 16799454 2.5561072
2130 1827 16799460 2.5561072
2127 1827 16799466 2.5561072
2133 1835 16799472 2.5561072
2127 1827 16799478 2.5561072
2131 1832 16799483 2.5561072
2134 1834 16799489 2.5561072
2128 1826 16799495 2.5561072
2132 1834 16799501 2.5561072
2126 1829 16799507 2.5561072
2131 1830 16799513 2.5561072
2127 1831 16799518 2.5561072
2130 1828 16799524 2.5561072
2131 1828 16799530 2.5561072
2128 1830 16799536 2.5561072
2132 1829 16799542 2.5561072
2129 1828 16799548 2.5561072
2128 1825 16799553 2.5561072
2129 1827 16799559 2.5561072
2126 1828 16799565 2.5561072
2130 1824 16799571 2.5561072
2128 1822 16799577 2.5561072
2128 1824 16799583 2.5561072
2127 1824 16799588 2.5561072
2130 1828 16799594 2.5561072
2128 1828 16799600 2.5561072
2128 1828 16799606 2.5561072
2131 1828 16799612 2.5561072
2130 1830 16799618 2.5561072
2133 1829 16799623 2.5561072
2127 1830 16799629 2.5561072
2131 1827 16799635 2.5561072
2131 1832 16799641 2.5561072
2124 1824 16799647 2.5561072
2129 1828 16799653 2.5561072
2129 1825 16799659 2.5561072
2129 1831 16799664 2.5561072
2131 1827 16799670 2.5561072
2129 1828 16799676 2.5561072
2129 1830 16799682 2.5561072
2133 1827 16799688 2.5561072
2128 1830 16799694 2.5561072
2132 1833 16799699 2.5561072
2131 1830 16799705 2.5561072
2128 1828 16799711 2.5561072
2126 1825 16799717 2.5561072
2131 1824 16799723 2.5561072
2129 1831 16799729 2.5561072
2131 1826 16799734 2.5561072
2130 1827 16799740 2.5561072
2127 1821 16799746 2.5561072
2127 1824 16799752 2.5561072
2125 1828 16799758 2.5561072
2132 1828 16799764 2.5561072
2129 1826 16799769 2.5561072
2128 1829 16799775 2.5561072
2125 1823 16799781 2.5561072
2125 1823 16799787 2.5561072
2122 1827 16799793 2.5561072
2129 1826 16799799 2.5561072
2126 1828 16799804 2.5561072
2128 1824 16799810 2.5561072
2129 1829 16799816 2.5561072
2127 1831 16799822 2.5561072
2129 1824 16799828 2.5561072
2129 1831 16799834 2.5561072
2130 1828 16799839 2.5561072
2126 1822 16799845 2.5561072
2126 1826 16799851 2.5561072
2125 1830 16799857 2.5561072
2127 1826 16799863 2.5561072
2134 1833 16799869 2.5561072
2132 1832 16799875 2.5561072
2133 1830 16799880 2.5561072
2117 1824 16799886 2.5561072
2128 1829 16799892 2.5561072
2129 1826 16799898 2.5561072
2122 1825 16799904 2.5561072
2124 1824 16799910 2.5561072
2129 1824 16799915 2.5561072
2128 1829 16799921 2.5561072
2130 1828 16799927 2.5561072
2130 1833 16799933 2.5561072
2131 1830 16799939 2.5561072
2127 1828 16799945 2.5561072
2130 1826 16799950 2.5561072
2128 1826 16799956 2.5561072
2125 1823 16799962 2.5561072
2127 1828 16799968 2.5561072
2129 1830 16799974 2.5561072
2128 1825 16799980 2.5561072
2129 1829 16799985 2.5561072
2132 1830 16799991 2.5561072
2134 1830 16799998 2.5561072
2121 1829 16800005 2.5561072
2133 1831 16800010 2.5561072
2131 1830 16800016 2.5561072
2132 1826 16800022 2.5561072
2127 1827 16800028 2.5561072
2127 1826 16800034 2.5561072
2128 1825 16800040 2.5561072
2130 1826 16800046 2.5561072
2127 1828 16800051 2.5561072
2131 1829 16800057 2.5561072
2129 1827 16800063 2.5561072
2130 1824 16800069 2.5561072
2125 1828 16800075 2.5561072
2129 1825 16800081 2.5561072
2123 1828 16800086 2.5561072
2125 1825 16800092 2.5561072
2123 1829 16800098 2.5561072
2129 1825 16800104 2.5561072
2133 1825 16800110 2.5561072
2133 1830 16800116 2.5561072
2132 1831 16800121 2.5561072
2129 1828 16800127 2.5561072
2125 1823 16800133 2.5561072
2125 1824 16800139 2.5561072
2129 1828 16800145 2.5561072
2128 1824 16800151 2.5561072
2124 1824 16800156 2.5561072
2129 1827 16800162 2.5561072
2131 1829 16800168 2.5561072
2132 1830 16800174 2.5561072
2134 1824 16800180 2.5561072
2127 1829 16800186 2.5561072
2128 1830 16800191 2.5561072
2131 1828 16800197 2.5561072
2127 1828 16800203 2.5561072
2124 1827 16800209 2.5561072
2129 1828 16800215 2.5561072
2128 1826 16800221 2.5561072
2127 1828 16800226 2.5561072
2128 1827 16800232 2.5561072
2129 1829 16800238 2.5561072
2126 1824 16800244 2.5561072
2129 1827 16800250 2.5561072
2124 1828 16800256 2.5561072
2125 1828 16800262 2.5561072
2129 1825 16800267 2.5561072
2131 1824 16800273 2.5561072
2132 1827 16800279 2.5561072
2130 1828 16800285 2.5561072
2128 1825 16800291 2.5561072
2131 1829 16800297 2.5561072
2127 1826 16800302 2.5561072
2122 1823 16800308 2.5561072
2129 1824 16800314 2.5561072
2122 1825 16800320 2.5561072
2130 1828 16800326 2.5561072
2142 1827 16800332 2.5561072
2130 1829 16800337 2.5561072
2132 1828 16800343 2.5561072
2131 1828 16800349 2.5561072
2131 1830 16800355 2.5561072
2128 1832 16800361 2.5561072
2124 1824 16800367 2.5561072
2123 1823 16800372 2.5561072
2120 1822 16800378 2.5561072
2122 1824 16800384 2.5561072
2127 1824 16800390 2.5561072
2125 1823 16800396 2.5561072
2131 1836 16800402 2.5561072
2129 1825 16800407 2.5561072
2128 1826 16800413 2.5561072
2129 1815 16800419 2.5561072
2123 1822 16800425 2.5561072
2129 1827 16800431 2.5561072
2124 1822 16800437 2.5561072
2127 1827 16800442 2.5561072
2126 1824 16800448 2.5561072
2124 1824 16800454 2.5561072
2123 1826 16800460 2.5561072
2128 1822 16800466 2.5561072
2124 1822 16800472 2.5561072
2130 1828 16800478 2.5561072
2125 1825 16800483 2.5561072
2125 1822 16800489 2.5561072
2128 1817 16800495 2.5561072
2124 1824 16800501 2.5561072
2124 1826 16800507 2.5561072
2130 1827 16800513 2.5561072
2124 1823 16800518 2.5561072
2124 1829 16800524 2.5561072
2127 1822 16800530 2.5561072
2132 1829 16800536 2.5561072
2130 1824 16800542 2.5561072
2125 1825 16800548 2.5561072
2133 1828 16800553 2.5561072
2126 1829 16800559 2.5561072
2128 1830 16800565 2.5561072
2131 1830 16800571 2.5561072
2131 1829 16800577 2.5561072
2133 1822 16800583 2.5561072
2128 1822 16800588 2.5561072
2124 1824 16800594 2.5561072
2122 1825 16800600 2.5561072
2126 1821 16800606 2.5561072
2129 1826 16800612 2.5561072
2128 1829 16800618 2.5561072
2132 1826 16800623 2.5561072
2130 1830 16800629 2.5561072
2130 1825 16800635 2.5561072
2126 1832 16800641 2.5561072
2124 1821 16800647 2.5561072
2125 1826 16800653 2.5561072
2122 1821 16800658 2.5561072
2119 1818 16800664 2.5561072
2122 1819 16800670 2.5561072
2121 1820 16800676 2.5561072
2124 1822 16800682 2.5561072
2126 1824 16800688 2.5561072
2129 1827 16800694 2.5561072
2127 1829 16800699 2.5561072
2129 1823 16800705 2.5561072
2122 1821 16800711 2.5561072
2124 1826 16800717 2.5561072
2123 1819 16800723 2.5561072
2121 1815 16800729 2.5561072
2123 1827 16800734 2.5561072
2120 1819 16800740 2.5561072
2122 1824 16800746 2.5561072
2122 1823 16800752 2.5561072
2131 1824 16800758 2.5561072
2120 1825 16800764 2.5561072
2127 1830 16800769 2.5561072
2126 1826 16800775 2.5561072
2130 1826 16800781 2.5561072
2123 1821 16800787 2.5561072
2127 1824 16800793 2.5561072
2128 1830 16800799 2.5561072
2129 1824 16800804 2.5561072
2127 1827 16800810 2.5561072
2128 1827 16800816 2.5561072
2129 1828 16800822 2.5561072
2128 1824 16800828 2.5561072
2127 1829 16800834 2.5561072
2128 1822 16800839 2.5561072
2128 1824 16800845 2.5561072
2125 1821 16800851 2.5561072
2129 1824 16800857 2.5561072
2126 1830 16800863 2.5561072
2128 1830 16800869 2.5561072
2128 1825 16800874 2.5561072
2128 1826 16800880 2.5561072
2127 1826 16800886 2.5561072
2124 1824 16800892 2.5561072
2121 1821 16800898 2.5561072
2123 1821 16800904 2.5561072
2123 1821 16800909 2.5561072
2120 1821 16800915 2.5561072
2119 1818 16800921 2.5561072
2126 1823 16800927 2.5561072
2127 1822 16800933 2.5561072
2126 1824 16800939 2.5561072
2127 1821 16800945 2.5561072
2122 1826 16800950 2.5561072
2124 1824 16800956 2.5561072
2119 1820 16800962 2.5561072
2123 1822 16800968 2.5561072
2127 1819 16800974 2.5561072
2121 1821 16800980 2.5561072
2124 1818 16800985 2.5561072
2126 1819 16800991 2.5561072
2126 1827 16800999 2.5561072
2129 1821 16801005 2.5561072
2127 1828 16801011 2.5561072
2123 1822 16801017 2.5561072
2122 1823 16801023 2.5561072
2122 1829 16801028 2.5561072
2125 1820 16801034 2.5561072
2128 1826 16801040 2.5561072
2128 1826 16801046 2.5561072
2129 1823 16801052 2.5561072
2132 1828 16801058 2.5561072
2128 1827 16801064 2.5561072
2129 1827 16801069 2.5561072
2128 1828 16801075 2.5561072
2125 1825 16801081 2.5561072
2129 1825 16801087 2.5561072
2125 1829 16801093 2.5561072
2131 1824 16801099 2.5561072
2129 1824 16801104 2.5561072
2128 1819 16801110 2.5561072
2132 1826 16801116 2.5561072
2127 1826 16801122 2.5561072
2123 1826 16801128 2.5561072
2127 1826 16801134 2.5561072
2123 1824 16801139 2.5561072
2127 1828 16805558 2.5561072
2122 1820 16805577 2.5561072
2119 1822 16805583 2.5561072
2116 1818 16805589 2.5561072
2125 1820 16805595 2.5561072
2120 1822 16805601 2.5561072
2117 1816 16805607 2.5561072
2120 1821 16805612 2.5561072
2119 1824 16805618 2.5561072
2118 1822 16805624 2.5561072
2125 1818 16805630 2.5561072
2122 1819 16805636 2.5561072
2119 1821 16805642 2.5561072
2121 1815 16805647 2.5561072
2120 1822 16805653 2.5561072
2125 1821 16805659 2.5561072
2119 1817 16805665 2.5561072
2121 1824 16805671 2.5561072
2123 1819 16805677 2.5561072
2124 1818 16805682 2.5561072
2121 1823 16805688 2.5561072
2122 1820 16805694 2.5561072
2121 1820 16805700 2.5561072
2125 1822 16805706 2.5561072
2124 1825 16805712 2.5561072
2122 1820 16805718 2.5561072
2126 1821 16805723 2.5561072
2123 1821 16805729 2.5561072
2128 1824 16805735 2.5561072
2125 1825 16805741 2.5561072
2128 1826 16805747 2.5561072
2129 1829 16805753 2.5561072
2128 1826 16805758 2.5561072
2127 1828 16805764 2.5561072
2134 1834 16805770 2.5561072
2128 1825 16805776 2.5561072
2130 1828 16805782 2.5561072
2127 1830 16805788 2.5561072
2124 1823 16805793 2.5561072
2125 1827 16805799 2.5561072
2126 1828 16805805 2.5561072
2127 1825 16805811 2.5561072
2124 1826 16805817 2.5561072
2125 1825 16805823 2.5561072
2126 1824 16805828 2.5561072
2122 1822 16805834 2.5561072
2126 1825 16805840 2.5561072
2123 1824 16805846 2.5561072
2123 1820 16805852 2.5561072
2125 1820 16805858 2.5561072
2126 1820 16805864 2.5561072
2127 1823 16805869 2.5561072
2124 1820 16805875 2.5561072
2129 1823 16805881 2.5561072
2124 1823 16805887 2.5561072
2120 1821 16805893 2.5561072
2129 1822 16805899 2.5561072
2124 1820 16805904 2.5561072
2123 1824 16805910 2.5561072
2118 1827 16805916 2.5561072
2125 1822 16805922 2.5561072
2123 1827 16805928 2.5561072
2123 1823 16805934 2.5561072
2122 1823 16805940 2.5561072
2127 1824 16805945 2.5561072
2125 1819 16805951 2.5561072
2127 1827 16805957 2.5561072
2124 1823 16805963 2.5561072
2126 1823 16805969 2.5561072
2120 1824 16805975 2.5561072
2125 1824 16805981 2.5561072
2122 1822 16805986 2.5561072
2126 1823 16805992 2.5561072
2120 1820 16805999 2.5561072
2123 1825 16806005 2.5561072
2125 1825 16806011 2.5561072
2125 1824 16806017 2.5561072
2126 1819 16806023 2.5561072
2125 1822 16806028 2.5561072
2125 1822 16806034 2.5561072
2125 1824 16806040 2.5561072
2122 1823 16806046 2.5561072
2122 1823 16806052 2.5561072
2124 1821 16806058 2.5561072
2126 1825 16806064 2.5561072
2125 1825 16806069 2.5561072
2127 1820 16806075 2.5561072
2125 1825 16806081 2.5561072
2122 1826 16806087 2.5561072
2124 1820 16806093 2.5561072
2124 1824 16806099 2.5561072
2126 1822 16806104 2.5561072
2126 1820 16806110 2.5561072
2125 1825 16806116 2.5561072
2124 1816 16806122 2.5561072
2124 1823 16806128 2.5561072
2124 1824 16806134 2.5561072
2122 1819 16806140 2.5561072
2129 1822 16806145 2.5561072
2122 1821 16806151 2.5561072
2121 1822 16806157 2.5561072
2128 1825 16806163 2.5561072
2118 1823 16806169 2.5561072
2122 1823 16806175 2.5561072
2127 1825 16806181 2.5561072
2124 1820 16806186 2.5561072
2122 1823 16806192 2.5561072
2125 1828 16806198 2.5561072
2122 1821 16806204 2.5561072
2124 1824 16806210 2.5561072
2130 1825 16806216 2.5561072
2123 1821 16806221 2.5561072
2125 1825 16806227 2.5561072
2124 1825 16806233 2.5561072
2119 1821 16806239 2.5561072
2124 1822 16806245 2.5561072
2123 1822 16806251 2.5561072
2124 1829 16806257 2.5561072
2128 1826 16806262 2.5561072
2128 1826 16806268 2.5561072
2126 1831 16806274 2.5561072
2128 1824 16806280 2.5561072
2126 1825 16806286 2.5561072
2125 1824 16806292 2.5561072
2119 1819 16806298 2.5561072
2121 1821 16806303 2.5561072
2124 1822 16806309 2.5561072
2122 1820 16806315 2.5561072
2125 1820 16806321 2.5561072
2126 1824 16806327 2.5561072
2125 1828 16806333 2.5561072
2124 1820 16806338 2.5561072
2124 1815 16806344 2.5561072
2122 1823 16806350 2.5561072
2120 1822 16806356 2.5561072
2123 1822 16806362 2.5561072
2126 1822 16806368 2.5561072
2122 1821 16806374 2.5561072
2124 1826 16806379 2.5561072
2122 1821 16806385 2.5561072
2124 1824 16806391 2.5561072
2120 1819 16806397 2.5561072
2124 1823 16806403 2.5561072
2125 1823 16806409 2.5561072
2123 1823 16806415 2.5561072
2120 1821 16806420 2.5561072
2123 1826 16806426 2.5561072
2127 1822 16806432 2.5561072
2128 1828 16806438 2.5561072
2125 1825 16806444 2.5561072
2127 1824 16806450 2.5561072
2126 1826 16806455 2.5561072
2128 1823 16806461 2.5561072
2124 1825 16806467 2.5561072
2126 1828 16806473 2.5561072
2125 1820 16806479 2.5561072
2122 1826 16806485 2.5561072
2128 1827 16806491 2.5561072
2125 1824 16806496 2.5561072
2123 1825 16806502 2.5561072
2128 1825 16806508 2.5561072
2126 1827 16806514 2.5561072
2128 1831 16806520 2.5561072
2127 1827 16806526 2.5561072
2128 1823 16806532 2.5561072
2123 1823 16806537 2.5561072
2121 1818 16806543 2.5561072
2124 1817 16806549 2.5561072
2120 1820 16806555 2.5561072
2123 1826 16806561 2.5561072
2120 1822 16806567 2.5561072
2122 1822 16806572 2.5561072
2128 1822 16806578 2.5561072
2127 1821 16806584 2.5561072
2129 1822 16806590 2.5561072
2122 1821 16806596 2.5561072
2114 1819 16806602 2.5561072
2122 1823 16806608 2.5561072
2117 1812 16806613 2.5561072
2124 1818 16806619 2.5561072
2119 1808 16806625 2.5561072
2122 1822 16806631 2.5561072
2127 1824 16806637 2.5561072
2120 1824 16806643 2.5561072
2126 1823 16806648 2.5561072
2122 1820 16806654 2.5561072
2123 1823 16806660 2.5561072
2119 1822 16806666 2.5561072
2119 1820 16806672 2.5561072
2121 1821 16806678 2.5561072
2125 1823 16806684 2.5561072
2126 1825 16806689 2.5561072
2127 1826 16806695 2.5561072
2126 1828 16806701 2.5561072
2132 1826 16806707 2.5561072
2128 1830 16806713 2.5561072
2128 1825 16806719 2.5561072
2121 1826 16806725 2.5561072
2125 1822 16806730 2.5561072
2125 1825 16806736 2.5561072
2121 1821 16806742 2.5561072
2123 1826 16806748 2.5561072
2127 1823 16806754 2.5561072
2131 1821 16806760 2.5561072
2126 1825 16806765 2.5561072
2129 1828 16806771 2.5561072
2128 1824 16806777 2.5561072
2125 1828 16806783 2.5561072
2121 1822 16806789 2.5561072
2121 1827 16806795 2.5561072
2122 1816 16806801 2.5561072
2123 1819 16806806 2.5561072
2128 1828 16806812 2.5561072
2121 1824 16806818 2.5561072
2127 1824 16806824 2.5561072
2127 1826 16806830 2.5561072
2125 1824 16806836 2.5561072
2126 1820 16806842 2.5561072
2124 1825 16806847 2.5561072
2117 1817 16806853 2.5561072
2118 1816 16806859 2.5561072
2120 1821 16806865 2.5561072
2122 1817 16806871 2.5561072
2122 1820 16806877 2.5561072
2121 1821 16806882 2.5561072
2122 1824 16806888 2.5561072
2126 1819 16806894 2.5561072
2126 1824 16806900 2.5561072
2130 1825 16806906 2.5561072
2126 1826 16806912 2.5561072
2123 1831 16806918 2.5561072
2128 1825 16806923 2.5561072
2121 1824 16806929 2.5561072
2121 1818 16806935 2.5561072
2126 1814 16806941 2.5561072
2119 1818 16806947 2.5561072
2127 1827 16806953 2.5561072
2122 1821 16806959 2.5561072
2121 1827 16806964 2.5561072
2124 1824 16806970 2.5561072
2129 1824 16806976 2.5561072
2127 1827 16806982 2.5561072
2125 1825 16806988 2.5561072
2129 1823 16806994 2.5561072
2122 1823 16807001 2.5561072
2118 1821 16807006 2.5561072
2123 1818 16807012 2.5561072
2119 1821 16807018 2.5561072
2128 1825 16807024 2.5561072
2126 1825 16807030 2.5561072
2123 1832 16807036 2.5561072
2127 1828 16807042 2.5561072
2126 1826 16807047 2.5561072
2127 1823 16807053 2.5561072
2125 1823 16807059 2.5561072
2125 1826 16807065 2.5561072
2123 1826 16807071 2.5561072
2119 1821 16807077 2.5561072
2119 1822 16807082 2.5561072
2124 1821 16807088 2.5561072
2124 1822 16807094 2.5561072
2127 1826 16807100 2.5561072
2118 1823 16807106 2.5561072
2127 1821 16807112 2.5561072
2123 1817 16807118 2.5561072
2122 1819 16807123 2.5561072
2122 1820 16807129 2.5561072
2126 1820 16807135 2.5561072
2128 1822 16807141 2.5561072
2127 1826 16807147 2.5561072
2124 1827 16807153 2.5561072
2130 1828 16807159 2.5561072
2132 1828 16807164 2.5561072
2126 1824 16807170 2.5561072
2130 1826 16807176 2.5561072
2122 1827 16807182 2.5561072
2124 1823 16807188 2.5561072
2124 1825 16807194 2.5561072
2125 1825 16807199 2.5561072
2132 1824 16807205 2.5561072
2125 1825 16807211 2.5561072
2130 1830 16807217 2.5561072
2130 1825 16807223 2.5561072
2127 1823 16807229 2.5561072
2127 1829 16807235 2.5561072
2127 1824 16807240 2.5561072
2123 1822 16807246 2.5561072
2124 1823 16807252 2.5561072
2126 1824 16807258 2.5561072
2126 1825 16807264 2.5561072
2126 1829 16807270 2.5561072
2130 1825 16807276 2.5561072
2132 1827 16807281 2.5561072
2130 1832 16807287 2.5561072
2126 1831 16807293 2.5561072
2126 1824 16807299 2.5561072
2121 1823 16807305 2.5561072
2124 1820 16807311 2.5561072
2122 1827 16807316 2.5561072
2125 1825 16807322 2.5561072
2127 1823 16807328 2.5561072
2128 1829 16807334 2.5561072
2130 1827 16807340 2.5561072
2129 1827 16807346 2.5561072
2124 1826 16807352 2.5561072
2125 1824 16807357 2.5561072
2126 1820 16807363 2.5561072
2124 1822 16807369 2.5561072
2128 1827 16807375 2.5561072
2127 1822 16807381 2.5561072
2125 1823 16807387 2.5561072
2130 1829 16807393 2.5561072
2129 1828 16807398 2.5561072
2129 1824 16807404 2.5561072
2122 1824 16807410 2.5561072
2129 1828 16807416 2.5561072
2124 1828 16807422 2.5561072
2130 1827 16807428 2.5561072
2125 1823 16807433 2.5561072
2122 1821 16807439 2.5561072
2131 1822 16807445 2.5561072
2124 1826 16807451 2.5561072
2130 1828 16807457 2.5561072
2131 1828 16807463 2.5561072
2134 1831 16807469 2.5561072
2129 1833 16807474 2.5561072
2126 1826 16807480 2.5561072
2123 1825 16807486 2.5561072
2127 1821 16807492 2.5561072
2122 1819 16807498 2.5561072
2125 1825 16807504 2.5561072
2125 1824 16807510 2.5561072
2125 1825 16807515 2.5561072
2132 1830 16807521 2.5561072
2132 1830 16807527 2.5561072
2129 1825 16807533 2.5561072
2126 1828 16807539 2.5561072
2121 1825 16807545 2.5561072
2119 1819 16807550 2.5561072
2120 1820 16807556 2.5561072
2122 1824 16807562 2.5561072
2126 1818 16807568 2.5561072
2125 1820 16807574 2.5561072
2130 1827 16807580 2.5561072
2126 1825 16807586 2.5561072
2129 1823 16807591 2.5561072
2129 1826 16807597 2.5561072
2127 1827 16807603 2.5561072
2123 1826 16807609 2.5561072
2125 1827 16807615 2.5561072
2126 1824 16807621 2.5561072
2125 1826 16807627 2.5561072
2125 1826 16807632 2.5561072
2129 1826 16807638 2.5561072
2132 1828 16807644 2.5561072
2133 1829 16807650 2.5561072
2127 1826 16807656 2.5561072
2129 1827 16807662 2.5561072
2128 1821 16807667 2.5561072
2126 1824 16807673 2.5561072
2129 1827 16807679 2.5561072
2126 1819 16807685 2.5561072
2131 1824 16807691 2.5561072
2127 1824 16807697 2.5561072
2127 1827 16807703 2.5561072
2126 1827 16807708 2.5561072
2127 1823 16807714 2.5561072
2126 1825 16807720 2.5561072
2125 1824 16807726 2.5561072
2127 1823 16807732 2.5561072
2124 1826 16807738 2.5561072
2126 1830 16807744 2.5561072
2130 1825 16807749 2.5561072
2122 1824 16807755 2.5561072
2124 1820 16807761 2.5561072
2128 1824 16807767 2.5561072
2124 1830 16807773 2.5561072
2125 1825 16807779 2.5561072
2125 1825 16807784 2.5561072
2124 1824 16807790 2.5561072
2127 1821 16807796 2.5561072
2126 1817 16807802 2.5561072
2125 1824 16807808 2.5561072
2124 1823 16807814 2.5561072
2130 1829 16807820 2.5561072
2131 1826 16807825 2.5561072
2131 1820 16807831 2.5561072
2127 1826 16807837 2.5561072
2123 1824 16807843 2.5561072
2127 1825 16807849 2.5561072
2124 1827 16807855 2.5561072
2128 1824 16807860 2.5561072
2130 1825 16807866 2.5561072
2124 1824 16807872 2.5561072
2126 1819 16807878 2.5561072
2128 1828 16807884 2.5561072
2128 1827 16807890 2.5561072
2130 1825 16807896 2.5561072
2125 1822 16807901 2.5561072
2123 1829 16807907 2.5561072
2125 1823 16807913 2.5561072
2122 1828 16807919 2.5561072
2126 1826 16807925 2.5561072
2128 1826 16807931 2.5561072
2132 1826 16807937 2.5561072
2122 1826 16807942 2.5561072
2127 1825 16807948 2.5561072
2131 1825 16807954 2.5561072
2127 1824 16807960 2.5561072
2133 1826 16807966 2.5561072
2131 1826 16807972 2.5561072
2128 1825 16807977 2.5561072
2131 1827 16807983 2.5561072
2126 1825 16807989 2.5561072
2127 1825 16807995 2.5561072
2126 1825 16808002 2.5561072
2127 1824 16808008 2.5561072
2128 1824 16808014 2.5561072
2128 1822 16808020 2.5561072
2128 1824 16808025 2.5561072
2131 1828 16808031 2.5561072
2131 1834 16808037 2.5561072
2126 1829 16808043 2.5561072
2127 1825 16808049 2.5561072
2130 1828 16808055 2.5561072
2130 1829 16808060 2.5561072
2124 1827 16808066 2.5561072
2132 1830 16808072 2.5561072
2127 1824 16808078 2.5561072
2127 1828 16808084 2.5561072
2125 1823 16808090 2.5561072
2126 1822 16808096 2.5561072
2124 1824 16808101 2.5561072
2127 1825 16808107 2.5561072
2127 1829 16808113 2.5561072
2128 1826 16808119 2.5561072
2126 1828 16808125 2.5561072
2126 1830 16808131 2.5561072
2132 1827 16808137 2.5561072
2130 1830 16808142 2.5561072
2130 1830 16808148 2.5561072
2128 1826 16808154 2.5561072
2129 1826 16808160 2.5561072
2127 1823 16808166 2.5561072
2127 1832 16808172 2.5561072
2130 1829 16808177 2.5561072
2125 1829 16808183 2.5561072
2124 1828 16808189 2.5561072
2128 1825 16808195 2.5561072
2130 1827 16808201 2.5561072
2126 1827 16808207 2.5561072
2127 1829 16808213 2.5561072
2126 1830 16808218 2.5561072
2125 1827 16808224 2.5561072
2126 1826 16808230 2.5561072
2147 1826 16808236 2.5561072
2129 1825 16808242 2.5561072
2127 1827 16808248 2.5561072
2129 1831 16808254 2.5561072
2123 1830 16808259 2.5561072
2126 1825 16808265 2.5561072
2129 1827 16808271 2.5561072
2130 1826 16808277 2.5561072
2130 1825 16808283 2.5561072
2129 1829 16808289 2.5561072
2128 1829 16808294 2.5561072
2131 1826 16808300 2.5561072
2129 1828 16808306 2.5561072
2128 1828 16808312 2.5561072
2120 1826 16808318 2.5561072
2130 1827 16808324 2.5561072
2129 1829 16808330 2.5561072
2130 1827 16808335 2.5561072
2131 1822 16808341 2.5561072
2129 1827 16808347 2.5561072
2128 1824 16808353 2.5561072
2130 1833 16808359 2.5561072
2131 1832 16808365 2.5561072
2131 1830 16808371 2.5561072
2127 1827 16808376 2.5561072
2132 1827 16808382 2.5561072
2134 1832 16808388 2.5561072
2133 1825 16808394 2.5561072
2127 1831 16808400 2.5561072
2128 1827 16808406 2.5561072
2121 1829 16808411 2.5561072
2127 1829 16808417 2.5561072
2130 1829 16808423 2.5561072
2127 1826 16808429 2.5561072
2121 1825 16808435 2.5561072
2126 1830 16808441 2.5561072
2128 1827 16808447 2.5561072
2124 1827 16808452 2.5561072
2128 1826 16808458 2.5561072
2128 1824 16808464 2.5561072
2127 1829 16808470 2.5561072
2121 1826 16808476 2.5561072
2121 1820 16808482 2.5561072
2129 1827 16808488 2.5561072
2125 1826 16808493 2.5561072
2125 1825 16808499 2.5561072
2128 1822 16808505 2.5561072
2121 1827 16808511 2.5561072
2130 1827 16808517 2.5561072
2133 1826 16808523 2.5561072
2129 1830 16808528 2.5561072
2127 1828 16808534 2.5561072
2130 1830 16808540 2.5561072
2129 1826 16808546 2.5561072
2128 1825 16808552 2.5561072
2130 1828 16808558 2.5561072
2130 1827 16808564 2.5561072
2131 1828 16808569 2.5561072
2132 1824 16808575 2.5561072
2128 1828 16808581 2.5561072
2128 1825 16808587 2.5561072
2131 1832 16808593 2.5561072
2134 1832 16808599 2.5561072
2132 1832 16808605 2.5561072
2127 1827 16808610 2.5561072
2127 1827 16808616 2.5561072
2133 1827 16808622 2.5561072
2129 1825 16808628 2.5561072
2128 1828 16808634 2.5561072
2128 1831 16808640 2.5561072
2129 1829 16808645 2.5561072
2133 1827 16808651 2.5561072
2127 1826 16808657 2.5561072
2127 1829 16808663 2.5561072
2127 1827 16808669 2.5561072
2126 1825 16808675 2.5561072
2129 1825 16808681 2.5561072
2130 1827 16808686 2.5561072
2124 1822 16808692 2.5561072
2125 1823 16808698 2.5561072
2126 1827 16808704 2.5561072
2122 1828 16808710 2.5561072
2126 1828 16808716 2.5561072
2124 1826 16808722 2.5561072
2127 1825 16808727 2.5561072
2124 1824 16808733 2.5561072
2129 1828 16808739 2.5561072
2126 1827 16808745 2.5561072
2130 1826 16808751 2.5561072
2126 1824 16808757 2.5561072
2126 1827 16808762 2.5561072
2126 1824 16808768 2.5561072
2126 1825 16808774 2.5561072
2129 1828 16808780 2.5561072
2127 1822 16808786 2.5561072
2126 1830 16808792 2.5561072
2128 1831 16808798 2.5561072
2129 1827 16808803 2.5561072
2130 1827 16808809 2.5561072
2129 1829 16808815 2.5561072
2129 1827 16808821 2.5561072
2129 1826 16808827 2.5561072
2129 1828 16808833 2.5561072
2129 1826 16808838 2.5561072
2126 1830 16808844 2.5561072
2133 1829 16808850 2.5561072
2131 1833 16808856 2.5561072
2130 1829 16808862 2.5561072
2131 1830 16808868 2.5561072
2125 1823 16808874 2.5561072
2128 1829 16808879 2.5561072
2130 1834 16808885 2.5561072
2130 1825 16808891 2.5561072
2130 1830 16808897 2.5561072
2124 1826 16808903 2.5561072
2130 1829 16808909 2.5561072
2132 1832 16808915 2.5561072
2126 1827 16808920 2.5561072
2132 1829 16808926 2.5561072
2133 1829 16808932 2.5561072
2131 1830 16808938 2.5561072
2133 1827 16808944 2.5561072
2128 1824 16808950 2.5561072
2126 1829 16808955 2.5561072
2129 1826 16808961 2.5561072
2131 1826 16808967 2.5561072
2128 1829 16808973 2.5561072
2125 1828 16808979 2.5561072
2129 1824 16808985 2.5561072
2123 1830 16808991 2.5561072
2129 1828 16808996 2.5561072
2131 1829 16809003 2.5561072
2126 1828 16809009 2.5561072
2132 1828 16809015 2.5561072
2128 1824 16809021 2.5561072
2126 1830 16809027 2.5561072
2128 1824 16809033 2.5561072
2122 1827 16809038 2.5561072
2128 1826 16809044 2.5561072
2130 1824 16809050 2.5561072
2129 1823 16809056 2.5561072
2131 1828 16809062 2.5561072
2127 1829 16809068 2.5561072
2126 1830 16809074 2.5561072
2124 1827 16809079 2.5561072
2130 1831 16809085 2.5561072
2127 1825 16809091 2.5561072
2129 1827 16809097 2.5561072
2129 1827 16809103 2.5561072
2130 1827 16809109 2.5561072
2129 1833 16809114 2.5561072
2128 1826 16809120 2.5561072
2129 1828 16809126 2.5561072
2133 1829 16809132 2.5561072
2127 1826 16809138 2.5561072
2128 1830 16809144 2.5561072
2130 1825 16809150 2.5561072
2132 1832 16809155 2.5561072
2129 1826 16809161 2.5561072
2130 1828 16809167 2.5561072
2135 1828 16809173 2.5561072
2130 1827 16809179 2.5561072
2131 1834 16809185 2.5561072
2130 1827 16809191 2.5561072
2133 1827 16809196 2.5561072
2128 1828 16809202 2.5561072
2129 1824 16809208 2.5561072
2132 1830 16809214 2.5561072
2126 1828 16809220 2.5561072
2129 1826 16809226 2.5561072
2125 1833 16809231 2.5561072
2127 1820 16809237 2.5561072
2134 1828 16809243 2.5561072
2122 1824 16809249 2.5561072
2123 1828 16809255 2.5561072
2129 1828 16809261 2.5561072
2128 1820 16809267 2.5561072
2126 1825 16809272 2.5561072
2132 1827 16809278 2.5561072
2129 1828 16809284 2.5561072
2128 1829 16809290 2.5561072
2122 1823 16809296 2.5561072
2126 1827 16809302 2.5561072
2127 1827 16809308 2.5561072
2123 1825 16809313 2.5561072
2128 1828 16809319 2.5561072
2125 1829 16809325 2.5561072
2134 1834 16809331 2.5561072
2136 1828 16809337 2.5561072
2129 1827 16809343 2.5561072
2130 1827 16809348 2.5561072
2130 1827 16809354 2.5561072
2130 1830 16809360 2.5561072
2127 1838 16809366 2.5561072
2130 1828 16809372 2.5561072
2132 1829 16809378 2.5561072
2129 1829 16809384 2.5561072
2129 1831 16809389 2.5561072
2132 1836 16809395 2.5561072
2130 1827 16809401 2.5561072
2132 1827 16809407 2.5561072
2133 1824 16809413 2.5561072
2132 1831 16809419 2.5561072
2133 1831 16809424 2.5561072
2130 1832 16809430 2.5561072
2130 1827 16809436 2.5561072
2129 1825 16809442 2.5561072
2128 1825 16809448 2.5561072
2123 1826 16809454 2.5561072
2127 1827 16809460 2.5561072
2124 1824 16809465 2.5561072
2127 1830 16809471 2.5561072
2130 1828 16809477 2.5561072
2130 1831 16809483 2.5561072
2130 1826 16809489 2.5561072
2129 1845 16809495 2.5561072
2126 1828 16809501 2.5561072
2127 1828 16809506 2.5561072
2127 1822 16809512 2.5561072
2124 1821 16809518 2.5561072
2128 1826 16809524 2.5561072
2124 1828 16809530 2.5561072
2128 1826 16809536 2.5561072
2129 1827 16809541 2.5561072
2126 1828 16809547 2.5561072
2130 1829 16809553 2.5561072
2126 1830 16809559 2.5561072
2130 1825 16809565 2.5561072
2127 1827 16809571 2.5561072
2131 1827 16809577 2.5561072
2127 1829 16809582 2.5561072
2128 1828 16809588 2.5561072
2129 1829 16809594 2.5561072
2130 1831 16809600 2.5561072
2134 1829 16809606 2.5561072
2130 1831 16809612 2.5561072
2133 1827 16809618 2.5561072
2131 1831 16809623 2.5561072
2130 1830 16809629 2.5561072
2136 1831 16809635 2.5561072
2132 1831 16809641 2.5561072
2135 1829 16809647 2.5561072
2137 1828 16809653 2.5561072
2135 1831 16809658 2.5561072
2133 1833 16809664 2.5561072
2135 1829 16809670 2.5561072
2129 1828 16809676 2.5561072
2134 1835 16809682 2.5561072
2131 1829 16809688 2.5561072
2131 1828 16809694 2.5561072
2131 1830 16809699 2.5561072
2129 1832 16809705 2.5561072
2132 1834 16809711 2.5561072
2127 1828 16809717 2.5561072
2129 1829 16809723 2.5561072
2126 1827 16809729 2.5561072
2129 1826 16809735 2.5561072
2129 1829 16809740 2.5561072
2126 1826 16809746 2.5561072
2129 1831 16809752 2.5561072
2126 1824 16809758 2.5561072
2126 1825 16809764 2.5561072
2133 1826 16809770 2.5561072
2126 1830 16809775 2.5561072
2130 1826 16809781 2.5561072
2132 1828 16809787 2.5561072
2126 1826 16809793 2.5561072
2127 1829 16809799 2.5561072
2129 1824 16809805 2.5561072
2128 1827 16809811 2.5561072
2129 1826 16809816 2.5561072
2127 1827 16809822 2.5561072
2128 1832 16809828 2.5561072
2131 1824 16809834 2.5561072
2133 1827 16809840 2.5561072
2130 1829 16809846 2.5561072
2132 1829 16809851 2.5561072
2129 1826 16809857 2.5561072
2128 1824 16809863 2.5561072
2124 1828 16809869 2.5561072
2129 1823 16809875 2.5561072
2132 1829 16809881 2.5561072
2125 1831 16809887 2.5561072
2136 1833 16809892 2.5561072
2132 1832 16809898 2.5561072
2134 1834 16809904 2.5561072
2132 1829 16809910 2.5561072
2129 1825 16809916 2.5561072
2126 1826 16809922 2.5561072
2131 1828 16809928 2.5561072
2134 1833 16809933 2.5561072
2128 1824 16809939 2.5561072
2129 1830 16809945 2.5561072
2130 1830 16809951 2.5561072
2133 1828 16809957 2.5561072
2127 1826 16809963 2.5561072
2127 1827 16809968 2.5561072
2127 1824 16809974 2.5561072
2128 1827 16809980 2.5561072
2131 1830 16809986 2.5561072
2131 1832 16809992 2.5561072
2133 1824 16809999 2.5561072
2128 1823 16810005 2.5561072
2132 1829 16810011 2.5561072
2130 1832 16810016 2.5561072
2134 1832 16810022 2.5561072
2133 1834 16810028 2.5561072
2133 1834 16810034 2.5561072
2124 1827 16810040 2.5561072
2127 1826 16810046 2.5561072
2125 1824 16810051 2.5561072
2132 1824 16810057 2.5561072
2134 1828 16810063 2.5561072
2130 1828 16810069 2.5561072
2130 1828 16810075 2.5561072
2131 1833 16810081 2.5561072
2133 1830 16810087 2.5561072
2132 1833 16810092 2.5561072
2133 1827 16810098 2.5561072
2129 1830 16810104 2.5561072
2134 1833 16810110 2.5561072
2131 1832 16810116 2.5561072
2131 1830 16810122 2.5561072
2130 1830 16810128 2.5561072
2128 1826 16810133 2.5561072
2133 1827 16810139 2.5561072
2126 1829 16810145 2.5561072
2128 1827 16810151 2.5561072
2132 1832 16810157 2.5561072
2132 1827 16810163 2.5561072
2131 1828 16810168 2.5561072
2132 1836 16810174 2.5561072
2137 1832 16810180 2.5561072
2131 1833 16810186 2.5561072
2134 1834 16810192 2.5561072
2135 1830 16810198 2.5561072
2131 1831 16810204 2.5561072
2135 1829 16810209 2.5561072
2129 1828 16810215 2.5561072
2128 1827 16810221 2.5561072
2127 1829 16810227 2.5561072
2126 1834 16810233 2.5561072
2131 1829 16810239 2.5561072
2131 1828 16810245 2.5561072
2131 1832 16810250 2.5561072
2133 1834 16810256 2.5561072
2133 1833 16810262 2.5561072
2132 1826 16810268 2.5561072
2130 1833 16810274 2.5561072
2131 1834 16810280 2.5561072
2128 1823 16810285 2.5561072
2132 1833 16810291 2.5561072
2133 1832 16810297 2.5561072
2129 1830 16810303 2.5561072
2133 1832 16810309 2.5561072
2139 1833 16810315 2.5561072
2133 1833 16810321 2.5561072
2132 1834 16810326 2.5561072
2130 1827 16810332 2.5561072
2130 1830 16810338 2.5561072
2137 1833 16810344 2.5561072
2130 1829 16810350 2.5561072
2135 1836 16810356 2.5561072
2132 1829 16810362 2.5561072
2132 1833 16810367 2.5561072
2132 1831 16810373 2.5561072
2136 1832 16810379 2.5561072
2138 1835 16810385 2.5561072
2132 1829 16810391 2.5561072
2130 1834 16810397 2.5561072
2131 1828 16810402 2.5561072
2131 1832 16810408 2.5561072
2132 1833 16810414 2.5561072
2132 1835 16810420 2.5561072
2136 1836 16810426 2.5561072
2137 1833 16810432 2.5561072
2136 1832 16810438 2.5561072
2140 1833 16810443 2.5561072
2133 1831 16810449 2.5561072
2135 1830 16810455 2.5561072
2133 1828 16810461 2.5561072
2130 1829 16810467 2.5561072
2128 1832 16810473 2.5561072
2133 1832 16810479 2.5561072
2134 1831 16810484 2.5561072
2132 1833 16810490 2.5561072
2132 1825 16810496 2.5561072
2132 1831 16810502 2.5561072
2134 1829 16810508 2.5561072
2140 1835 16810514 2.5561072
2131 1828 16810519 2.5561072
2135 1833 16810525 2.5561072
2134 1830 16810531 2.5561072
2129 1825 16810537 2.5561072
2129 1827 16810543 2.5561072
2133 1828 16810549 2.5561072
2133 1833 16810555 2.5561072
2137 1833 16810560 2.5561072
2133 1830 16810566 2.5561072
2137 1833 16810572 2.5561072
2134 1829 16810578 2.5561072
2132 1827 16810584 2.5561072
2133 1833 16810590 2.5561072
2129 1833 16810596 2.5561072
2133 1831 16810601 2.5561072
2134 1831 16810607 2.5561072
2134 1833 16810613 2.5561072
2135 1835 16810619 2.5561072
2137 1836 16810625 2.5561072
2136 1833 16810631 2.5561072
2136 1834 16810636 2.5561072
2134 1832 16810642 2.5561072
2130 1830 16810648 2.5561072
2131 1834 16810654 2.5561072
2133 1829 16810660 2.5561072
2132 1829 16810666 2.5561072
2135 1831 16810672 2.5561072
2133 1832 16810677 2.5561072
2135 1832 16810683 2.5561072
2137 1839 16810689 2.5561072
2132 1838 16810695 2.5561072
2136 1832 16810701 2.5561072
2133 1830 16810707 2.5561072
2133 1829 16810713 2.5561072
2136 1832 16810718 2.5561072
2129 1833 16810724 2.5561072
2129 1830 16810730 2.5561072
2131 1832 16810736 2.5561072
2133 1846 16810742 2.5561072
2133 1833 16810748 2.5561072
2135 1832 16810753 2.5561072
2128 1830 16810759 2.5561072
2130 1830 16810765 2.5561072
2135 1834 16810771 2.5561072
2136 1833 16810777 2.5561072
2134 1830 16810783 2.5561072
2136 1831 16810789 2.5561072
2134 1832 16810794 2.5561072
2130 1828 16810800 2.5561072
2132 1829 16810806 2.5561072
2132 1827 16810812 2.5561072
2132 1832 16810818 2.5561072
2139 1840 16810824 2.5561072
2133 1832 16810829 2.5561072
2138 1832 16810835 2.5561072
2136 1833 16810841 2.5561072
2134 1832 16810847 2.5561072
2135 1835 16810853 2.5561072
2135 1830 16810859 2.5561072
2131 1831 16810865 2.5561072
2132 1829 16810870 2.5561072
2127 1832 16810876 2.5561072
2139 1833 16810882 2.5561072
2137 1835 16810888 2.5561072
2137 1835 16810894 2.5561072
2135 1833 16810900 2.5561072
2134 1830 16810906 2.5561072
2134 1827 16810911 2.5561072
2133 1833 16810917 2.5561072
2135 1832 16810923 2.5561072
2133 1833 16810929 2.5561072
2131 1832 16810935 2.5561072
2134 1834 16810941 2.5561072
2133 1832 16810946 2.5561072
2135 1832 16810952 2.5561072
2131 1830 16810958 2.5561072
2132 1837 16810964 2.5561072
2140 1837 16810970 2.5561072
2135 1830 16810976 2.5561072
2136 1834 16810982 2.5561072
2133 1833 16810987 2.5561072
2131 1838 16810993 2.5561072
2131 1834 16811001 2.5561072
2130 1830 16811007 2.5561072
2132 1831 16811013 2.5561072
2131 1829 16811018 2.5561072
2134 1827 16811024 2.5561072
2135 1831 16811030 2.5561072
2133 1831 16811036 2.5561072
2130 1833 16811042 2.5561072
2133 1834 16811048 2.5561072
2133 1830 16811054 2.5561072
2137 1833 16811059 2.5561072
2124 1830 16811065 2.5561072
2135 1834 16811071 2.5561072
2136 1836 16811077 2.5561072
2131 1831 16811083 2.5561072
2132 1830 16811089 2.5561072
2139 1831 16811095 2.5561072
2138 1837 16811100 2.5561072
2135 1835 16811106 2.5561072
2137 1838 16811112 2.5561072
2138 1837 16811118 2.5561072
2139 1833 16811124 2.5561072
2132 1832 16811130 2.5561072
2139 1839 16811135 2.5561072
2138 1838 16811141 2.5561072
2136 1833 16811147 2.5561072
2133 1837 16811153 2.5561072
2133 1840 16811159 2.5561072
2137 1832 16811165 2.5561072
2138 1839 16811171 2.5561072
2140 1842 16811176 2.5561072
2135 1836 16811182 2.5561072
2134 1839 16811188 2.5561072
2140 1831 16811194 2.5561072
2137 1838 16811200 2.5561072
2134 1834 16811206 2.5561072
2130 1827 16811212 2.5561072
2131 1832 16811217 2.5561072
2133 1832 16811223 2.5561072
2130 1832 16811229 2.5561072
2131 1833 16811235 2.5561072
2136 1830 16811241 2.5561072
2136 1831 16811247 2.5561072
2131 1833 16811252 2.5561072
2131 1831 16811258 2.5561072
2135 1826 16811264 2.5561072
2131 1834 16811270 2.5561072
2134 1830 16811276 2.5561072
2137 1830 16811282 2.5561072
2131 1827 16811288 2.5561072
2131 1831 16811293 2.5561072
2131 1832 16811299 2.5561072
2127 1834 16811305 2.5561072
2137 1829 16811311 2.5561072
2132 1833 16811317 2.5561072
2130 1834 16811323 2.5561072
2137 1829 16811329 2.5561072
2137 1837 16811334 2.5561072
2138 1836 16811340 2.5561072
2136 1837 16811346 2.5561072
2138 1834 16811352 2.5561072
2138 1838 16811358 2.5561072
2131 1835 16811364 2.5561072
2133 1835 16811369 2.5561072
2134 1836 16811375 2.5561072
2134 1829 16811381 2.5561072
2133 1831 16811387 2.5561072
2133 1839 16811393 2.5561072
2136 1834 16811399 2.5561072
2129 1830 16811405 2.5561072
2132 1833 16811410 2.5561072
2134 1835 16811416 2.5561072
2131 1833 16811422 2.5561072
2132 1827 16811428 2.5561072
2134 1828 16811434 2.5561072
2132 1833 16811440 2.5561072
2136 1830 16811446 2.5561072
2134 1834 16811451 2.5561072
2136 1835 16811457 2.5561072
2129 1828 16811463 2.5561072
2130 1833 16811469 2.5561072
2132 1834 16811475 2.5561072
2127 1829 16811481 2.5561072
2129 1832 16811486 2.5561072
2133 1827 16811492 2.5561072
2131 1830 16811498 2.5561072
2130 1831 16811504 2.5561072
2136 1833 16811510 2.5561072
2135 1830 16811516 2.5561072
2133 1829 16811522 2.5561072
2131 1832 16811527 2.5561072
2130 1827 16811533 2.5561072
2125 1831 16811539 2.5561072
2130 1830 16811545 2.5561072
2131 1837 16811551 2.5561072
2131 1832 16811557 2.5561072
2136 1832 16811563 2.5561072
2135 1835 16811568 2.5561072
2138 1838 16811574 2.5561072
2136 1835 16811580 2.5561072
2134 1837 16811586 2.5561072
2133 1833 16811592 2.5561072
2129 1835 16811598 2.5561072
2134 1835 16811603 2.5561072
2136 1828 16811609 2.5561072
2129 1829 16811615 2.5561072
2134 1832 16811621 2.5561072
2138 1833 16811627 2.5561072
2136 1836 16811633 2.5561072
2136 1833 16811639 2.5561072
2136 1835 16811644 2.5561072
2135 1828 16811650 2.5561072
2137 1832 16811656 2.5561072
2133 1841 16811662 2.5561072
2131 1836 16811668 2.5561072
2134 1837 16811674 2.5561072
2131 1837 16811680 2.5561072
2130 1833 16811685 2.5561072
2132 1829 16811691 2.5561072
2129 1829 16811697 2.5561072
2132 1828 16811703 2.5561072
2128 1828 16811709 2.5561072
2130 1830 16811715 2.5561072
2137 1833 16811720 2.5561072
2132 1831 16811726 2.5561072
2131 1830 16811732 2.5561072
2135 1833 16811738 2.5561072
2133 1835 16811744 2.5561072
2130 1831 16811750 2.5561072
2131 1829 16811756 2.5561072
2129 1831 16811761 2.5561072
2133 1824 16811767 2.5561072
2132 1828 16811773 2.5561072
2134 1832 16811779 2.5561072
2128 1829 16811785 2.5561072
2136 1834 16811791 2.5561072
2136 1832 16811796 2.5561072
2135 1832 16811802 2.5561072
2135 1827 16811808 2.5561072
2136 1827 16811814 2.5561072
2130 1833 16811820 2.5561072
2132 1836 16811826 2.5561072
2132 1833 16811832 2.5561072
2137 1833 16811837 2.5561072
2131 1829 16811843 2.5561072
2133 1830 16811849 2.5561072
2134 1837 16811855 2.5561072
2132 1834 16811861 2.5561072
2133 1834 16811867 2.5561072
2133 1833 16811873 2.5561072
2129 1830 16811878 2.5561072
2137 1828 16811884 2.5561072
2136 1831 16811890 2.5561072
2128 1836 16811896 2.5561072
2133 1832 16811902 2.5561072
2133 1828 16811908 2.5561072
2132 1830 16811913 2.5561072
2130 1831 16811919 2.5561072
2135 1831 16811925 2.5561072
2134 1832 16811931 2.5561072
2130 1827 16811937 2.5561072
2132 1833 16811943 2.5561072
2131 1832 16811949 2.5561072
2131 1831 16811954 2.5561072
2132 1828 16811960 2.5561072
2131 1829 16811966 2.5561072
2132 1828 16811972 2.5561072
2129 1828 16811978 2.5561072
2129 1828 16811984 2.5561072
2130 1829 16811990 2.5561072
2129 1828 16811995 2.5561072
2130 1834 16812002 2.5561072
2132 1833 16812008 2.5561072
2124 1827 16812014 2.5561072
2128 1829 16812020 2.5561072
2139 1835 16812026 2.5561072
2133 1835 16812032 2.5561072
2134 1834 16812037 2.5561072
2134 1834 16812043 2.5561072
2135 1829 16812049 2.5561072
2136 1831 16812055 2.5561072
2132 1830 16812061 2.5561072
2132 1832 16812067 2.5561072
2134 1831 16812073 2.5561072
2133 1833 16812078 2.5561072
2134 1832 16812084 2.5561072
2135 1833 16812090 2.5561072
2135 1830 16812096 2.5561072
2133 1833 16812102 2.5561072
2129 1833 16812108 2.5561072
2132 1829 16812113 2.5561072
2131 1830 16812119 2.5561072
2134 1830 16812125 2.5561072
2132 1833 16812131 2.5561072
2135 1831 16812137 2.5561072
2132 1833 16812143 2.5561072
2130 1830 16812149 2.5561072
2130 1836 16812154 2.5561072
2134 1832 16812160 2.5561072
2131 1825 16812166 2.5561072
2133 1829 16812172 2.5561072
2137 1835 16812178 2.5561072
2131 1837 16812184 2.5561072
2132 1833 16812190 2.5561072
2129 1833 16812195 2.5561072
2133 1831 16812201 2.5561072
2136 1830 16812207 2.5561072
2130 1825 16812213 2.5561072
2130 1827 16812219 2.5561072
2132 1830 16812225 2.5561072
2136 1827 16812230 2.5561072
2134 1829 16812236 2.5561072
2134 1834 16812242 2.5561072
2133 1832 16812248 2.5561072
2138 1832 16812254 2.5561072
2134 1833 16812260 2.5561072
2134 1830 16812266 2.5561072
2136 1836 16812271 2.5561072
2137 1833 16812277 2.5561072
2135 1833 16812283 2.5561072
2135 1833 16812289 2.5561072
2131 1832 16812295 2.5561072
2132 1835 16812301 2.5561072
2134 1833 16812307 2.5561072
2132 1832 16812312 2.5561072
2136 1832 16812318 2.5561072
2131 1833 16812324 2.5561072
2134 1834 16812330 2.5561072
2135 1834 16812336 2.5561072
2137 1832 16812342 2.5561072
2132 1831 16812347 2.5561072
2140 1834 16812353 2.5561072
2132 1832 16812359 2.5561072
2137 1832 16812365 2.5561072
2132 1824 16812371 2.5561072
2128 1831 16812377 2.5561072
2131 1829 16812383 2.5561072
2136 1831 16812388 2.5561072
2133 1826 16812394 2.5561072
2134 1832 16812400 2.5561072
2131 1831 16812406 2.5561072
2131 1831 16812412 2.5561072
2132 1832 16812418 2.5561072
2133 1833 16812424 2.5561072
2134 1836 16812429 2.5561072
2138 1834 16812435 2.5561072
2131 1822 16812441 2.5561072
2132 1832 16812447 2.5561072
2130 1832 16812453 2.5561072
2135 1836 16812459 2.5561072
2131 1833 16812464 2.5561072
2134 1832 16812470 2.5561072
2135 1827 16812476 2.5561072
2134 1834 16812482 2.5561072
2137 1829 16812488 2.5561072
2135 1837 16812494 2.5561072
2130 1831 16812500 2.5561072
2138 1837 16812505 2.5561072
2136 1832 16812511 2.5561072
2135 1830 16812517 2.5561072
2131 1830 16812523 2.5561072
2134 1835 16812529 2.5561072
2136 1837 16812535 2.5561072
2130 1832 16812541 2.5561072
2132 1831 16812546 2.5561072
2136 1830 16812552 2.5561072
2131 1826 16812558 2.5561072
2135 1833 16812564 2.5561072
2131 1831 16812570 2.5561072
2133 1833 16812576 2.5561072
2135 1831 16812581 2.5561072
2133 1829 16812587 2.5561072
2135 1831 16812593 2.5561072
2134 1829 16812599 2.5561072
2132 1830 16812605 2.5561072
2127 1830 16812611 2.5561072
2132 1826 16812617 2.5561072
2131 1828 16812622 2.5561072
2133 1833 16812628 2.5561072
2136 1830 16812634 2.5561072
2131 1833 16812640 2.5561072
2136 1835 16812646 2.5561072
2133 1832 16812652 2.5561072
2130 1831 16812658 2.5561072
2134 1833 16812663 2.5561072
2134 1832 16812669 2.5561072
2133 1829 16812675 2.5561072
2131 1829 16812681 2.5561072
2134 1834 16812687 2.5561072
2130 1834 16812693 2.5561072
2139 1832 16812698 2.5561072
2134 1834 16812704 2.5561072
2136 1833 16812710 2.5561072
2134 1833 16812716 2.5561072
2132 1833 16812722 2.5561072
2129 1829 16812728 2.5561072
2131 1834 16812734 2.5561072
2130 1830 16812739 2.5561072
2132 1832 16812745 2.5561072
2135 1833 16812751 2.5561072
2133 1830 16812757 2.5561072
2133 1831 16812763 2.5561072
2132 1828 16812769 2.5561072
2130 1826 16812774 2.5561072
2127 1826 16812780 2.5561072
2130 1831 16812786 2.5561072
2131 1828 16812792 2.5561072
2127 1826 16812798 2.5561072
2129 1828 16812804 2.5561072
2131 1834 16812810 2.5561072
2134 1829 16812815 2.5561072
2132 1834 16812821 2.5561072
2132 1831 16812827 2.5561072
2129 1829 16812833 2.5561072
2134 1830 16812839 2.5561072
2133 1828 16812845 2.5561072
2131 1832 16812851 2.5561072
2132 1828 16812856 2.5561072
2131 1833 16812862 2.5561072
2135 1828 16812868 2.5561072
2134 1831 16812874 2.5561072
2133 1834 16812880 2.5561072
2132 1831 16812886 2.5561072
2137 1831 16812891 2.5561072
2131 1830 16812897 2.5561072
2134 1831 16812903 2.5561072
2133 1832 16812909 2.5561072
2130 1830 16812915 2.5561072
2129 1831 16812921 2.5561072
2132 1826 16812927 2.5561072
2129 1832 16812932 2.5561072
2129 1830 16812938 2.5561072
2129 1830 16812944 2.5561072
2126 1820 16812950 2.5561072
2134 1834 16812956 2.5561072
2133 1832 16812962 2.5561072
2136 1830 16812968 2.5561072
2135 1830 16812973 2.5561072
2138 1834 16812979 2.5561072
2135 1831 16812985 2.5561072
2134 1833 16812991 2.5561072
2136 1826 16812997 2.5561072
2132 1835 16813004 2.5561072
2134 1835 16813010 2.5561072
2136 1833 16813015 2.5561072
2134 1836 16813021 2.5561072
2137 1829 16813027 2.5561072
2135 1834 16813033 2.5561072
2134 1837 16813039 2.5561072
2134 1835 16813045 2.5561072
2133 1830 16813051 2.5561072
2129 1833 16813056 2.5561072
2135 1827 16813062 2.5561072
2135 1835 16813068 2.5561072
2132 1833 16813074 2.5561072
2132 1831 16813080 2.5561072
2132 1835 16813086 2.5561072
2134 1831 16813092 2.5561072
2135 1828 16813097 2.5561072
2133 1835 16813103 2.5561072
2133 1835 16813109 2.5561072
2137 1834 16813115 2.5561072
2132 1834 16813121 2.5561072
2135 1833 16813127 2.5561072
2143 1838 16813132 2.5561072
2135 1836 16813138 2.5561072
2135 1835 16813144 2.5561072
2136 1837 16813150 2.5561072
2134 1835 16813156 2.5561072
2136 1835 16813162 2.5561072
2141 1837 16813168 2.5561072
2133 1833 16813173 2.5561072
2134 1831 16813179 2.5561072
2133 1832 16813185 2.5561072
2138 1833 16813191 2.5561072
2133 1830 16813197 2.5561072
2134 1834 16813203 2.5561072
2135 1832 16813208 2.5561072
2131 1829 16813214 2.5561072
2132 1831 16813220 2.5561072
2133 1838 16813226 2.5561072
2131 1834 16813232 2.5561072
2139 1831 16813238 2.5561072
2137 1835 16813244 2.5561072
2133 1832 16813249 2.5561072
2132 1831 16813255 2.5561072
2136 1834 16813261 2.5561072
2130 1830 16813267 2.5561072
2130 1833 16813273 2.5561072
2136 1832 16813279 2.5561072
2134 1832 16813285 2.5561072
2134 1838 16813290 2.5561072
2134 1835 16813296 2.5561072
2140 1837 16813302 2.5561072
2126 1836 16813308 2.5561072
2134 1835 16813314 2.5561072
2135 1835 16813320 2.5561072
2130 1834 16813325 2.5561072
2133 1830 16813331 2.5561072
2132 1836 16813337 2.5561072
2135 1835 16813343 2.5561072
