2132 1823 16789425 2.5561048
2128 1827 16789431 2.5561048
2128 1827 16789437 2.5561048
2129 1827 16789442 2.5561048
2128 1829 16789448 2.5561048
2132 1827 16789454 2.5561048
2124 1831 16789460 2.5561048
2132 1833 16789466 2.5561048
2130 1828 16789472 2.5561048
2130 1824 16789477 2.5561048
2129 1828 16789483 2.5561048
2134 1830 16789489 2.5561048
2132 1833 16789495 2.5561048
2132 1831 16789501 2.5561048
2133 1831 16789507 2.5561048
2128 1826 16789512 2.5561048
2129 1826 16789518 2.5561048
2130 1829 16789524 2.5561048
2129 1832 16789530 2.5561048
2133 1832 16789536 2.5561048
2129 1832 16789542 2.5561048
2130 1829 16789548 2.5561048
2129 1833 16789553 2.5561048
2131 1827 16789559 2.5561048
2127 1829 16789565 2.5561048
2128 1829 16789571 2.5561048
2130 1827 16789577 2.5561048
2127 1827 16789583 2.5561048
2126 1831 16789588 2.5561048
2130 1828 16789594 2.5561048
2129 1829 16789600 2.5561048
2128 1822 16789606 2.5561048
2133 1827 16789612 2.5561048
2127 1828 16789618 2.5561048
2129 1825 16789623 2.5561048
2128 1826 16789629 2.5561048
2127 1824 16789635 2.5561048
2130 1826 16789641 2.5561048
2129 1826 16789647 2.5561048
2132 1829 16789653 2.5561048
2121 1827 16789658 2.5561048
2130 1828 16789664 2.5561048
2131 1826 16789670 2.5561048
2130 1824 16789676 2.5561048
2130 1830 16789682 2.5561048
2130 1826 16789688 2.5561048
2134 1830 16789693 2.5561048
2131 1828 16789699 2.5561048
2131 1831 16789705 2.5561048
2134 1831 16789711 2.5561048
2129 1831 16789717 2.5561048
2130 1833 16789723 2.5561048
2134 1832 16789728 2.5561048
2129 1827 16789734 2.5561048
2136 1830 16789740 2.5561048
2130 1837 16789746 2.5561048
2130 1833 16789752 2.5561048
2137 1832 16789758 2.5561048
2132 1828 16789764 2.5561048
2134 1830 16789769 2.5561048
2133 1830 16789775 2.5561048
2124 1831 16789781 2.5561048
2130 1827 16789787 2.5561048
2128 1825 16789793 2.5561048
2134 1828 16789799 2.5561048
2125 1826 16789804 2.5561048
2129 1825 16789810 2.5561048
2129 1828 16789816 2.5561048
2131 1831 16789822 2.5561048
2135 1833 16789828 2.5561048
2132 1833 16789834 2.5561048
2131 1831 16789839 2.5561048
2127 1831 16789845 2.5561048
2127 1825 16789851 2.5561048
2125 1826 16789857 2.5561048
2124 1819 16789863 2.5561048
2125 1823 16789869 2.5561048
2124 1826 16789874 2.5561048
2127 1833 16789880 2.5561048
2129 1827 16789886 2.5561048
2128 1829 16789892 2.5561048
2129 1826 16789898 2.5561048
2127 1821 16789904 2.5561048
2125 1827 16789909 2.5561048
2125 1828 16789915 2.5561048
2129 1831 16789921 2.5561048
2132 1829 16789927 2.5561048
2126 1830 16789933 2.5561048
2121 1824 16789939 2.5561048
2129 1822 16789944 2.5561048
2129 1827 16789950 2.5561048
2128 1829 16789956 2.5561048
2127 1832 16789962 2.5561048
2133 1831 16789968 2.5561048
2131 1828 16789974 2.5561048
2133 1831 16789979 2.5561048
2140 1836 16789985 2.5561048
2134 1836 16789991 2.5561048
2137 1833 16789999 2.5561048
2132 1825 16790005 2.5561048
2131 1829 16790011 2.5561048
2131 1826 16790017 2.5561048
2127 1821 16790022 2.5561048
2128 1830 16790028 2.5561048
2130 1832 16790034 2.5561048
2133 1834 16790040 2.5561048
2139 1834 16790046 2.5561048
2134 1834 16790052 2.5561048
2135 1836 16790058 2.5561048
2135 1836 16790063 2.5561048
2132 1829 16790069 2.5561048
2129 1833 16790075 2.5561048
2129 1830 16790081 2.5561048
2132 1832 16790087 2.5561048
2128 1826 16790093 2.5561048
2134 1828 16790098 2.5561048
2129 1831 16790104 2.5561048
2132 1832 16790110 2.5561048
2134 1836 16790116 2.5561048
2129 1833 16790122 2.5561048
2133 1832 16790128 2.5561048
2130 1832 16790133 2.5561048
2127 1829 16790139 2.5561048
2133 1829 16790145 2.5561048
2130 1825 16790151 2.5561048
2125 1828 16790157 2.5561048
2130 1832 16790163 2.5561048
2132 1827 16790168 2.5561048
2133 1829 16790174 2.5561048
2133 1831 16790180 2.5561048
2131 1826 16790186 2.5561048
2131 1832 16790192 2.5561048
2126 1827 16790198 2.5561048
2132 1828 16790203 2.5561048
2131 1828 16790209 2.5561048
2127 1826 16790215 2.5561048
2131 1826 16790221 2.5561048
2124 1831 16790227 2.5561048
2131 1830 16790233 2.5561048
2134 1831 16790238 2.5561048
2136 1835 16790244 2.5561048
2132 1830 16790250 2.5561048
2131 1834 16790256 2.5561048
2127 1831 16790262 2.5561048
2129 1834 16790268 2.5561048
2132 1828 16790274 2.5561048
2129 1828 16790279 2.5561048
2133 1831 16790285 2.5561048
2138 1838 16790291 2.5561048
2137 1836 16790297 2.5561048
2139 1838 16790303 2.5561048
2137 1835 16790309 2.5561048
2134 1836 16790314 2.5561048
2132 1829 16790320 2.5561048
2132 1825 16790326 2.5561048
2128 1828 16790332 2.5561048
2132 1830 16790338 2.5561048
2129 1828 16790344 2.5561048
2133 1834 16790349 2.5561048
2131 1834 16790355 2.5561048
2133 1833 16790361 2.5561048
2137 1836 16790367 2.5561048
2131 1833 16790373 2.5561048
2129 1832 16790379 2.5561048
2133 1831 16790384 2.5561048
2131 1830 16790390 2.5561048
2129 1825 16790396 2.5561048
2130 1828 16790402 2.5561048
2119 1828 16790408 2.5561048
2128 1826 16790414 2.5561048
2125 1829 16790419 2.5561048
2129 1830 16790425 2.5561048
2137 1834 16790431 2.5561048
2131 1827 16790437 2.5561048
2133 1831 16790443 2.5561048
2133 1842 16790449 2.5561048
2127 1824 16790454 2.5561048
2127 1831 16790460 2.5561048
2131 1828 16790466 2.5561048
2129 1828 16790472 2.5561048
2133 1830 16790478 2.5561048
2132 1831 16790484 2.5561048
2126 1830 16790489 2.5561048
2133 1834 16790495 2.5561048
2137 1834 16790501 2.5561048
2138 1830 16790507 2.5561048
2135 1832 16790513 2.5561048
2136 1835 16790519 2.5561048
2134 1836 16790525 2.5561048
2134 1832 16790530 2.5561048
2135 1834 16790536 2.5561048
2135 1836 16790542 2.5561048
2132 1833 16790548 2.5561048
2135 1835 16790554 2.5561048
2134 1831 16790560 2.5561048
2136 1839 16790565 2.5561048
2138 1837 16790571 2.5561048
2133 1835 16790577 2.5561048
2137 1834 16790583 2.5561048
2138 1833 16790589 2.5561048
2126 1837 16790595 2.5561048
2135 1834 16790600 2.5561048
2135 1834 16790606 2.5561048
2129 1831 16790612 2.5561048
2130 1829 16790618 2.5561048
2140 1832 16790624 2.5561048
2129 1836 16790630 2.5561048
2135 1837 16790635 2.5561048
2139 1835 16790641 2.5561048
2136 1835 16790647 2.5561048
2133 1832 16790653 2.5561048
2131 1831 16790659 2.5561048
2131 1827 16790665 2.5561048
2127 1828 16790670 2.5561048
2129 1827 16790676 2.5561048
2130 1828 16790682 2.5561048
2132 1832 16790688 2.5561048
2133 1830 16790694 2.5561048
2132 1828 16790700 2.5561048
2133 1832 16790705 2.5561048
2130 1833 16790711 2.5561048
2133 1831 16790717 2.5561048
2131 1836 16790723 2.5561048
2132 1829 16790729 2.5561048
2133 1831 16790735 2.5561048
2135 1834 16790741 2.5561048
2134 1834 16790746 2.5561048
2135 1835 16790752 2.5561048
2133 1836 16790758 2.5561048
2137 1837 16790764 2.5561048
2133 1832 16790770 2.5561048
2132 1834 16790776 2.5561048
2135 1833 16790781 2.5561048
2135 1834 16790787 2.5561048
2136 1833 16790793 2.5561048
2136 1836 16790799 2.5561048
2139 1837 16790805 2.5561048
2140 1837 16790811 2.5561048
2139 1837 16790816 2.5561048
2134 1835 16790822 2.5561048
2136 1835 16790828 2.5561048
2132 1833 16790834 2.5561048
2135 1831 16790840 2.5561048
2133 1829 16790846 2.5561048
2136 1836 16790851 2.5561048
2136 1835 16790857 2.5561048
2140 1833 16790863 2.5561048
2135 1831 16790869 2.5561048
2136 1833 16790875 2.5561048
2133 1831 16790881 2.5561048
2134 1833 16790886 2.5561048
2141 1832 16790892 2.5561048
2137 1833 16790898 2.5561048
2131 1833 16790904 2.5561048
2133 1832 16790910 2.5561048
2125 1832 16790916 2.5561048
2132 1832 16790921 2.5561048
2132 1829 16790927 2.5561048
2126 1824 16790933 2.5561048
2127 1820 16790939 2.5561048
2126 1822 16790945 2.5561048
2131 1827 16790951 2.5561048
2130 1833 16790957 2.5561048
2127 1826 16790962 2.5561048
2137 1829 16790968 2.5561048
2131 1830 16790974 2.5561048
2133 1830 16790980 2.5561048
2132 1833 16790986 2.5561048
2132 1828 16790992 2.5561048
2132 1834 16790999 2.5561048
2133 1833 16791005 2.5561048
2135 1834 16791011 2.5561048
2134 1832 16791017 2.5561048
2135 1831 16791022 2.5561048
2135 1832 16791028 2.5561048
2137 1838 16791034 2.5561048
2134 1835 16791040 2.5561048
2138 1837 16791046 2.5561048
2136 1834 16791052 2.5561048
2137 1837 16791057 2.5561048
2135 1837 16791063 2.5561048
2137 1832 16791069 2.5561048
2137 1834 16791075 2.5561048
2134 1836 16791081 2.5561048
2130 1831 16791087 2.5561048
2139 1839 16791092 2.5561048
2139 1841 16791098 2.5561048
2140 1835 16791104 2.5561048
2136 1838 16791110 2.5561048
2137 1844 16791116 2.5561048
2138 1836 16791122 2.5561048
2132 1834 16791127 2.5561048
2147 1835 16791133 2.5561048
2135 1835 16791139 2.5561048
2137 1840 16791145 2.5561048
2139 1838 16791151 2.5561048
2137 1837 16791157 2.5561048
2140 1842 16791162 2.5561048
2133 1832 16791168 2.5561048
2134 1833 16791174 2.5561048
2134 1827 16791180 2.5561048
2133 1828 16791186 2.5561048
2132 1834 16791192 2.5561048
2138 1833 16791197 2.5561048
2133 1829 16791203 2.5561048
2134 1835 16791209 2.5561048
2133 1829 16791215 2.5561048
2134 1835 16791221 2.5561048
2132 1833 16791227 2.5561048
2130 1830 16791233 2.5561048
2136 1832 16791238 2.5561048
2137 1832 16791244 2.5561048
2131 1831 16791250 2.5561048
2137 1830 16791256 2.5561048
2131 1831 16791262 2.5561048
2130 1830 16791268 2.5561048
2133 1831 16791273 2.5561048
2138 1833 16791279 2.5561048
2138 1835 16791285 2.5561048
2137 1835 16791291 2.5561048
2132 1835 16791297 2.5561048
2132 1838 16791303 2.5561048
2137 1832 16791308 2.5561048
2142 1837 16791314 2.5561048
2138 1836 16791320 2.5561048
2137 1833 16791326 2.5561048
2135 1830 16791332 2.5561048
2136 1834 16791338 2.5561048
2135 1840 16791343 2.5561048
2140 1835 16791349 2.5561048
2138 1838 16791355 2.5561048
2138 1839 16791361 2.5561048
2143 1841 16791367 2.5561048
2142 1846 16791373 2.5561048
2137 1840 16791378 2.5561048
2138 1834 16791384 2.5561048
2135 1833 16791390 2.5561048
2138 1832 16791396 2.5561048
2132 1828 16791402 2.5561048
2130 1834 16791408 2.5561048
2133 1834 16791413 2.5561048
2134 1833 16791419 2.5561048
2132 1830 16791425 2.5561048
2135 1835 16791431 2.5561048
2132 1825 16791437 2.5561048
2126 1826 16791443 2.5561048
2135 1828 16791449 2.5561048
2132 1831 16791454 2.5561048
2132 1829 16791460 2.5561048
2129 1828 16791466 2.5561048
2132 1830 16791472 2.5561048
2128 1828 16791478 2.5561048
2129 1826 16791484 2.5561048
2131 1830 16791489 2.5561048
2129 1829 16791495 2.5561048
2127 1827 16791501 2.5561048
2131 1833 16791507 2.5561048
2130 1829 16791513 2.5561048
2125 1828 16791519 2.5561048
2132 1834 16791524 2.5561048
2134 1830 16791530 2.5561048
2134 1831 16791536 2.5561048
2131 1825 16791542 2.5561048
2135 1830 16791548 2.5561048
2134 1829 16791554 2.5561048
2136 1831 16791559 2.5561048
2138 1837 16791565 2.5561048
2138 1834 16791571 2.5561048
2138 1838 16791577 2.5561048
2135 1839 16791583 2.5561048
2135 1834 16791589 2.5561048
2132 1831 16791594 2.5561048
2139 1835 16791600 2.5561048
2139 1835 16791606 2.5561048
2135 1833 16791612 2.5561048
2137 1836 16791618 2.5561048
2138 1840 16791624 2.5561048
2142 1841 16791629 2.5561048
2135 1835 16791635 2.5561048
2134 1840 16791641 2.5561048
2137 1833 16791647 2.5561048
2134 1830 16791653 2.5561048
2134 1833 16791659 2.5561048
2132 1831 16791665 2.5561048
2131 1832 16791670 2.5561048
2137 1832 16791676 2.5561048
2133 1834 16791682 2.5561048
2133 1831 16791688 2.5561048
2134 1829 16791694 2.5561048
2129 1827 16791700 2.5561048
2129 1835 16791705 2.5561048
2132 1834 16791711 2.5561048
2134 1827 16791717 2.5561048
2127 1825 16791723 2.5561048
2129 1830 16791729 2.5561048
2132 1832 16791735 2.5561048
2128 1827 16791740 2.5561048
2127 1827 16791746 2.5561048
2132 1833 16791752 2.5561048
2128 1829 16791758 2.5561048
2131 1828 16791764 2.5561048
2129 1826 16791770 2.5561048
2128 1827 16791775 2.5561048
2128 1828 16791781 2.5561048
2139 1827 16791787 2.5561048
2130 1826 16791793 2.5561048
2133 1830 16791799 2.5561048
2128 1829 16791805 2.5561048
2139 1834 16791810 2.5561048
2131 1832 16791816 2.5561048
2130 1827 16791822 2.5561048
2134 1828 16791828 2.5561048
2137 1828 16791834 2.5561048
2131 1828 16791840 2.5561048
2139 1836 16791845 2.5561048
2139 1830 16791851 2.5561048
2138 1834 16791857 2.5561048
2137 1835 16791863 2.5561048
2135 1836 16791869 2.5561048
2138 1834 16791875 2.5561048
2133 1834 16791881 2.5561048
2137 1835 16791886 2.5561048
2134 1835 16791892 2.5561048
2138 1830 16791898 2.5561048
2139 1837 16791904 2.5561048
2131 1832 16791910 2.5561048
2134 1833 16791916 2.5561048
2137 1835 16791921 2.5561048
2136 1836 16791927 2.5561048
2133 1830 16791933 2.5561048
2132 1833 16791939 2.5561048
2134 1833 16791945 2.5561048
2128 1830 16791951 2.5561048
2128 1827 16791956 2.5561048
2134 1832 16791962 2.5561048
2132 1824 16791968 2.5561048
2134 1833 16791974 2.5561048
2131 1830 16791980 2.5561048
2129 1826 16791986 2.5561048
2132 1833 16791991 2.5561048
2132 1832 16791999 2.5561048
2130 1830 16792005 2.5561048
2127 1831 16792011 2.5561048
2132 1830 16792016 2.5561048
2137 1832 16792022 2.5561048
2135 1831 16792028 2.5561048
2132 1832 16792034 2.5561048
2137 1831 16792040 2.5561048
2129 1831 16792046 2.5561048
2133 1832 16792052 2.5561048
2137 1840 16792057 2.5561048
2136 1833 16792063 2.5561048
2133 1838 16792069 2.5561048
2131 1840 16792075 2.5561048
2136 1834 16792081 2.5561048
2137 1831 16792087 2.5561048
2134 1836 16792092 2.5561048
2144 1830 16792098 2.5561048
2129 1832 16792104 2.5561048
2133 1833 16792110 2.5561048
2137 1836 16792116 2.5561048
2137 1836 16792122 2.5561048
2135 1835 16792127 2.5561048
2135 1833 16792133 2.5561048
2136 1837 16792139 2.5561048
2134 1835 16792145 2.5561048
2131 1831 16792151 2.5561048
2133 1833 16792157 2.5561048
2134 1831 16792162 2.5561048
2131 1831 16792168 2.5561048
2128 1828 16792174 2.5561048
2130 1829 16792180 2.5561048
2133 1833 16792186 2.5561048
2133 1829 16792192 2.5561048
2134 1831 16792197 2.5561048
2135 1830 16792203 2.5561048
2134 1829 16792209 2.5561048
2126 1827 16792215 2.5561048
2131 1827 16792221 2.5561048
2132 1830 16792227 2.5561048
2134 1831 16792232 2.5561048
2131 1825 16792238 2.5561048
2132 1831 16792244 2.5561048
2133 1830 16792250 2.5561048
2133 1831 16792256 2.5561048
2132 1831 16792262 2.5561048
2132 1834 16792268 2.5561048
2131 1830 16792273 2.5561048
2129 1833 16792279 2.5561048
2133 1832 16792285 2.5561048
2132 1829 16792291 2.5561048
2128 1829 16792297 2.5561048
2135 1829 16792303 2.5561048
2133 1829 16792308 2.5561048
2134 1836 16792314 2.5561048
2133 1831 16792320 2.5561048
2133 1829 16792326 2.5561048
2134 1831 16792332 2.5561048
2131 1833 16792338 2.5561048
2130 1830 16792343 2.5561048
2133 1837 16792349 2.5561048
2136 1834 16792355 2.5561048
2134 1837 16792361 2.5561048
2136 1838 16792367 2.5561048
2136 1832 16792373 2.5561048
2135 1830 16792378 2.5561048
2135 1834 16792384 2.5561048
2132 1832 16792390 2.5561048
2136 1837 16792396 2.5561048
2135 1835 16792402 2.5561048
2134 1831 16792408 2.5561048
2137 1833 16792413 2.5561048
2136 1833 16792419 2.5561048
2136 1837 16792425 2.5561048
2133 1830 16792431 2.5561048
2131 1829 16792437 2.5561048
2133 1831 16792443 2.5561048
2125 1827 16792448 2.5561048
2132 1826 16792454 2.5561048
2126 1832 16792460 2.5561048
2129 1830 16792466 2.5561048
2131 1827 16792472 2.5561048
2129 1829 16792478 2.5561048
2131 1829 16792483 2.5561048
2130 1830 16792489 2.5561048
2128 1829 16792495 2.5561048
2138 1829 16792501 2.5561048
2131 1827 16792507 2.5561048
2127 1830 16792513 2.5561048
2135 1825 16792519 2.5561048
2131 1830 16792524 2.5561048
2134 1830 16792530 2.5561048
2132 1829 16792536 2.5561048
2131 1828 16792542 2.5561048
2130 1834 16792548 2.5561048
2134 1828 16792554 2.5561048
2135 1829 16792559 2.5561048
2136 1836 16792565 2.5561048
2137 1834 16792571 2.5561048
2131 1833 16792577 2.5561048
2133 1829 16792583 2.5561048
2136 1833 16792589 2.5561048
2132 1832 16792594 2.5561048
2136 1835 16792600 2.5561048
2138 1830 16792606 2.5561048
2130 1833 16792612 2.5561048
2135 1834 16792618 2.5561048
2135 1829 16792624 2.5561048
2129 1831 16792629 2.5561048
2133 1832 16792635 2.5561048
2134 1830 16792641 2.5561048
2135 1831 16792647 2.5561048
2137 1828 16792653 2.5561048
2133 1831 16792659 2.5561048
2132 1830 16792664 2.5561048
2135 1829 16792670 2.5561048
2133 1833 16792676 2.5561048
2130 1835 16792682 2.5561048
2135 1833 16792688 2.5561048
2131 1833 16792694 2.5561048
2134 1826 16792699 2.5561048
2133 1829 16792705 2.5561048
2134 1835 16792711 2.5561048
2131 1833 16792717 2.5561048
2131 1827 16792723 2.5561048
2133 1833 16792729 2.5561048
2133 1828 16792735 2.5561048
2131 1832 16792740 2.5561048
2130 1829 16792746 2.5561048
2133 1830 16792752 2.5561048
2129 1829 16792758 2.5561048
2132 1832 16792764 2.5561048
2136 1830 16792770 2.5561048
2131 1831 16792775 2.5561048
2135 1833 16792781 2.5561048
2136 1827 16792787 2.5561048
2133 1829 16792793 2.5561048
2130 1830 16792799 2.5561048
2129 1827 16792805 2.5561048
2131 1833 16792810 2.5561048
2134 1831 16792816 2.5561048
2136 1836 16792822 2.5561048
2133 1833 16792828 2.5561048
2137 1834 16792834 2.5561048
2136 1835 16792840 2.5561048
2137 1833 16792845 2.5561048
2138 1835 16792851 2.5561048
2136 1838 16792857 2.5561048
2140 1838 16792863 2.5561048
2138 1835 16792869 2.5561048
2134 1832 16792875 2.5561048
2140 1834 16792880 2.5561048
2136 1837 16792886 2.5561048
2140 1836 16792892 2.5561048
2135 1838 16792898 2.5561048
2136 1837 16792904 2.5561048
2136 1836 16792910 2.5561048
2134 1833 16792915 2.5561048
2138 1837 16792921 2.5561048
2139 1833 16792927 2.5561048
2135 1834 16792933 2.5561048
2135 1829 16792939 2.5561048
2136 1833 16792945 2.5561048
2131 1828 16792951 2.5561048
2132 1830 16792956 2.5561048
2129 1829 16792962 2.5561048
2133 1832 16792968 2.5561048
2132 1826 16792974 2.5561048
2133 1833 16792980 2.5561048
2135 1831 16792986 2.5561048
2136 1830 16792991 2.5561048
2133 1832 16792999 2.5561048
2133 1834 16793005 2.5561048
2135 1834 16793011 2.5561048
2133 1836 16793016 2.5561048
2136 1836 16793022 2.5561048
2129 1834 16793028 2.5561048
2131 1833 16793034 2.5561048
2131 1832 16793040 2.5561048
2132 1832 16793046 2.5561048
2129 1831 16793051 2.5561048
2131 1832 16793057 2.5561048
2134 1832 16793063 2.5561048
2132 1827 16793069 2.5561048
2135 1832 16793075 2.5561048
2134 1832 16793081 2.5561048
2132 1838 16793086 2.5561048
2137 1832 16793092 2.5561048
2134 1832 16793098 2.5561048
2135 1831 16793104 2.5561048
2132 1835 16793110 2.5561048
2131 1831 16793116 2.5561048
2136 1831 16793121 2.5561048
2136 1832 16793127 2.5561048
2136 1832 16793133 2.5561048
2137 1834 16793139 2.5561048
2132 1836 16793145 2.5561048
2132 1837 16793151 2.5561048
2136 1836 16793156 2.5561048
2134 1832 16793162 2.5561048
2127 1831 16793168 2.5561048
2131 1835 16793174 2.5561048
2137 1831 16793180 2.5561048
2138 1834 16793186 2.5561048
2133 1831 16793192 2.5561048
2131 1831 16793197 2.5561048
2136 1836 16793203 2.5561048
2137 1837 16793209 2.5561048
2133 1829 16793215 2.5561048
2135 1832 16793221 2.5561048
2129 1828 16793227 2.5561048
2131 1829 16793232 2.5561048
2130 1829 16793238 2.5561048
2130 1826 16793244 2.5561048
2131 1831 16793250 2.5561048
2132 1832 16793256 2.5561048
2134 1834 16793262 2.5561048
2132 1834 16793267 2.5561048
2131 1829 16793273 2.5561048
2131 1831 16793279 2.5561048
2126 1826 16793285 2.5561048
2132 1825 16793291 2.5561048
2134 1828 16793297 2.5561048
2128 1826 16793302 2.5561048
2135 1833 16793308 2.5561048
2133 1830 16793314 2.5561048
2133 1835 16793320 2.5561048
2139 1835 16793326 2.5561048
2136 1831 16793332 2.5561048
2133 1830 16793337 2.5561048
2130 1827 16793343 2.5561048
2131 1827 16793349 2.5561048
2130 1834 16793355 2.5561048
2134 1834 16793361 2.5561048
2136 1831 16793367 2.5561048
2138 1833 16793372 2.5561048
2141 1839 16793378 2.5561048
2137 1838 16793384 2.5561048
2134 1834 16793390 2.5561048
2135 1831 16793396 2.5561048
2129 1824 16793402 2.5561048
2133 1831 16793408 2.5561048
2127 1824 16793413 2.5561048
2133 1833 16793419 2.5561048
2135 1831 16793425 2.5561048
2133 1835 16793431 2.5561048
2136 1836 16793437 2.5561048
2139 1830 16793443 2.5561048
2135 1831 16793448 2.5561048
2138 1830 16793454 2.5561048
2132 1830 16793460 2.5561048
2132 1828 16793466 2.5561048
2131 1835 16793472 2.5561048
2132 1834 16793478 2.5561048
2135 1830 16793483 2.5561048
2134 1829 16793489 2.5561048
2139 1835 16793495 2.5561048
2138 1835 16793501 2.5561048
2134 1841 16793507 2.5561048
2135 1836 16793513 2.5561048
2137 1837 16793518 2.5561048
2133 1830 16793524 2.5561048
2131 1828 16793530 2.5561048
2135 1834 16793536 2.5561048
2136 1832 16793542 2.5561048
2136 1832 16793548 2.5561048
2136 1834 16793553 2.5561048
2138 1833 16793559 2.5561048
2140 1837 16793565 2.5561048
2136 1838 16793571 2.5561048
2135 1836 16793577 2.5561048
2133 1834 16793583 2.5561048
2130 1827 16793588 2.5561048
2133 1827 16793594 2.5561048
2137 1832 16793600 2.5561048
2137 1833 16793606 2.5561048
2139 1834 16793612 2.5561048
2135 1836 16793618 2.5561048
2140 1832 16793624 2.5561048
2136 1837 16793629 2.5561048
2138 1837 16793635 2.5561048
2134 1836 16793641 2.5561048
2138 1835 16793647 2.5561048
2136 1837 16793653 2.5561048
2132 1836 16793659 2.5561048
2133 1835 16793664 2.5561048
2136 1833 16793670 2.5561048
2136 1834 16793676 2.5561048
2137 1837 16793682 2.5561048
2139 1837 16793688 2.5561048
2138 1835 16793694 2.5561048
2138 1838 16793699 2.5561048
2135 1837 16793705 2.5561048
2137 1837 16793711 2.5561048
2139 1837 16793717 2.5561048
2137 1834 16793723 2.5561048
2135 1829 16793729 2.5561048
2127 1831 16793734 2.5561048
2130 1831 16793740 2.5561048
2134 1830 16793746 2.5561048
2133 1835 16793752 2.5561048
2139 1837 16793758 2.5561048
2143 1837 16793764 2.5561048
2137 1839 16793769 2.5561048
2143 1837 16793775 2.5561048
2133 1835 16793781 2.5561048
2134 1834 16793787 2.5561048
2132 1833 16793793 2.5561048
2131 1830 16793799 2.5561048
2132 1831 16793804 2.5561048
2136 1831 16793810 2.5561048
2140 1833 16793816 2.5561048
2139 1843 16793822 2.5561048
2138 1841 16793828 2.5561048
2136 1837 16793834 2.5561048
2135 1834 16793839 2.5561048
2134 1832 16793845 2.5561048
2133 1831 16793851 2.5561048
2135 1835 16793857 2.5561048
2134 1834 16793863 2.5561048
2133 1835 16793869 2.5561048
2140 1833 16793875 2.5561048
2136 1838 16793880 2.5561048
2143 1838 16793886 2.5561048
2139 1837 16793892 2.5561048
2136 1839 16793898 2.5561048
2130 1832 16793904 2.5561048
2131 1828 16793910 2.5561048
2132 1834 16793915 2.5561048
2134 1837 16793921 2.5561048
2137 1830 16793927 2.5561048
2136 1837 16793933 2.5561048
2130 1835 16793939 2.5561048
2139 1842 16793945 2.5561048
2140 1838 16793950 2.5561048
2139 1831 16793956 2.5561048
2133 1828 16793962 2.5561048
2134 1831 16793968 2.5561048
2131 1829 16793974 2.5561048
2132 1831 16793980 2.5561048
2134 1834 16793985 2.5561048
2135 1831 16793991 2.5561048
2138 1836 16793999 2.5561048
2140 1834 16794005 2.5561048
2139 1836 16794010 2.5561048
2143 1842 16794016 2.5561048
2140 1834 16794022 2.5561048
2135 1833 16794028 2.5561048
2136 1834 16794034 2.5561048
2133 1827 16794040 2.5561048
2132 1835 16794046 2.5561048
2132 1837 16794051 2.5561048
2131 1832 16794057 2.5561048
2128 1829 16794063 2.5561048
2132 1832 16794069 2.5561048
2136 1833 16794075 2.5561048
2139 1835 16794081 2.5561048
2134 1836 16794086 2.5561048
2137 1835 16794092 2.5561048
2137 1832 16794098 2.5561048
2138 1835 16794104 2.5561048
2133 1833 16794110 2.5561048
2134 1835 16794116 2.5561048
2135 1834 16794121 2.5561048
2129 1830 16794127 2.5561048
2133 1829 16794133 2.5561048
2134 1833 16794139 2.5561048
2132 1835 16794145 2.5561048
2135 1834 16794151 2.5561048
2128 1835 16794156 2.5561048
2132 1834 16794162 2.5561048
2136 1835 16794168 2.5561048
2135 1831 16794174 2.5561048
2139 1840 16794180 2.5561048
2136 1837 16794186 2.5561048
2135 1832 16794191 2.5561048
2135 1830 16794197 2.5561048
2140 1832 16794203 2.5561048
2129 1828 16794209 2.5561048
2137 1836 16794215 2.5561048
2141 1834 16794221 2.5561048
2139 1837 16794226 2.5561048
2136 1837 16794232 2.5561048
2136 1837 16794238 2.5561048
2137 1836 16794244 2.5561048
2138 1834 16794250 2.5561048
2139 1834 16794256 2.5561048
2137 1837 16794262 2.5561048
2138 1835 16794267 2.5561048
2132 1834 16794273 2.5561048
2132 1834 16794279 2.5561048
2138 1833 16794285 2.5561048
2138 1832 16794291 2.5561048
2137 1832 16794297 2.5561048
2136 1839 16794302 2.5561048
2132 1837 16794308 2.5561048
2133 1831 16794314 2.5561048
2132 1833 16794320 2.5561048
2135 1833 16794326 2.5561048
2135 1831 16794332 2.5561048
2137 1839 16794337 2.5561048
2134 1832 16794343 2.5561048
2137 1834 16794349 2.5561048
2139 1833 16794355 2.5561048
2136 1835 16794361 2.5561048
2138 1836 16794367 2.5561048
2138 1833 16794372 2.5561048
2137 1838 16794378 2.5561048
2136 1834 16794384 2.5561048
2136 1836 16794390 2.5561048
2137 1835 16794396 2.5561048
2140 1836 16794402 2.5561048
2136 1832 16794407 2.5561048
2138 1837 16794413 2.5561048
2136 1839 16794419 2.5561048
2136 1836 16794425 2.5561048
2135 1839 16794431 2.5561048
2140 1833 16794437 2.5561048
2138 1838 16794442 2.5561048
2138 1832 16794448 2.5561048
2138 1833 16794454 2.5561048
2133 1833 16794460 2.5561048
2130 1830 16794466 2.5561048
2137 1832 16794472 2.5561048
2136 1835 16794477 2.5561048
2138 1832 16794483 2.5561048
2136 1838 16794489 2.5561048
2137 1834 16794495 2.5561048
2135 1835 16794501 2.5561048
2133 1835 16794507 2.5561048
2133 1828 16794513 2.5561048
2139 1835 16794518 2.5561048
2133 1836 16794524 2.5561048
2137 1833 16794530 2.5561048
2139 1834 16794536 2.5561048
2136 1835 16794542 2.5561048
2138 1837 16794548 2.5561048
2142 1837 16794553 2.5561048
2139 1833 16794559 2.5561048
2138 1833 16794565 2.5561048
2142 1834 16794571 2.5561048
2135 1839 16794577 2.5561048
2137 1830 16794583 2.5561048
2133 1826 16794588 2.5561048
2134 1835 16794594 2.5561048
2136 1835 16794600 2.5561048
2135 1831 16794606 2.5561048
2135 1836 16794612 2.5561048
2135 1838 16794618 2.5561048
2138 1837 16794623 2.5561048
2137 1841 16794629 2.5561048
2136 1836 16794635 2.5561048
2134 1838 16794641 2.5561048
2134 1837 16794647 2.5561048
2131 1831 16794653 2.5561048
2136 1836 16794658 2.5561048
2132 1837 16794664 2.5561048
2130 1830 16794670 2.5561048
2134 1834 16794676 2.5561048
2134 1834 16794682 2.5561048
2137 1838 16794688 2.5561048
2138 1836 16794693 2.5561048
2134 1833 16794699 2.5561048
2135 1835 16794705 2.5561048
2130 1827 16794711 2.5561048
2132 1834 16794717 2.5561048
2138 1832 16794723 2.5561048
2138 1833 16794729 2.5561048
2137 1837 16794734 2.5561048
2141 1838 16794740 2.5561048
2140 1841 16794746 2.5561048
2138 1835 16794752 2.5561048
2134 1835 16794758 2.5561048
2133 1833 16794764 2.5561048
2133 1833 16794769 2.5561048
2134 1828 16794775 2.5561048
2135 1836 16794781 2.5561048
2134 1831 16794787 2.5561048
2140 1840 16794793 2.5561048
2137 1836 16794799 2.5561048
2139 1833 16794804 2.5561048
2136 1834 16794810 2.5561048
2133 1838 16794816 2.5561048
2138 1835 16794822 2.5561048
2135 1836 16794828 2.5561048
2134 1834 16794834 2.5561048
2136 1831 16794839 2.5561048
2133 1833 16794845 2.5561048
2132 1830 16794851 2.5561048
2134 1831 16794857 2.5561048
2134 1835 16794863 2.5561048
2139 1837 16794869 2.5561048
2141 1837 16794874 2.5561048
2133 1833 16794880 2.5561048
2137 1834 16794886 2.5561048
2136 1831 16794892 2.5561048
2135 1833 16794898 2.5561048
2132 1832 16794904 2.5561048
2132 1832 16794909 2.5561048
2135 1833 16794915 2.5561048
2135 1833 16794921 2.5561048
2134 1836 16794927 2.5561048
2138 1839 16794933 2.5561048
2134 1838 16794939 2.5561048
2137 1833 16794945 2.5561048
2131 1833 16794950 2.5561048
2135 1832 16794956 2.5561048
2128 1832 16794962 2.5561048
2136 1831 16794968 2.5561048
2130 1830 16794974 2.5561048
2133 1833 16794980 2.5561048
2133 1829 16794985 2.5561048
2136 1831 16794991 2.5561048
2134 1836 16794999 2.5561048
2138 1831 16795005 2.5561048
2136 1833 16795011 2.5561048
2134 1831 16795017 2.5561048
2131 1832 16795023 2.5561048
2133 1831 16795029 2.5561048
2138 1831 16795034 2.5561048
2135 1832 16795040 2.5561048
2135 1830 16795046 2.5561048
2136 1832 16795052 2.5561048
2137 1832 16795058 2.5561048
2137 1835 16795064 2.5561048
2135 1831 16795069 2.5561048
2136 1833 16795075 2.5561048
2135 1827 16795081 2.5561048
2132 1832 16795087 2.5561048
2137 1837 16795093 2.5561048
2134 1829 16795099 2.5561048
2133 1833 16795104 2.5561048
2133 1837 16795110 2.5561048
2134 1832 16795116 2.5561048
2133 1830 16795122 2.5561048
2132 1834 16795128 2.5561048
2130 1832 16795134 2.5561048
2136 1832 16795139 2.5561048
2133 1834 16795145 2.5561048
2136 1832 16795151 2.5561048
2133 1837 16795157 2.5561048
2132 1831 16795163 2.5561048
2133 1834 16795169 2.5561048
2134 1835 16795174 2.5561048
2133 1835 16795180 2.5561048
2133 1833 16795186 2.5561048
2133 1829 16795192 2.5561048
2133 1833 16795198 2.5561048
2138 1832 16795204 2.5561048
2135 1832 16795209 2.5561048
2135 1836 16795215 2.5561048
2132 1833 16795221 2.5561048
2138 1833 16795227 2.5561048
2138 1837 16795233 2.5561048
2138 1834 16795239 2.5561048
2136 1833 16795245 2.5561048
2137 1840 16795250 2.5561048
2136 1836 16795256 2.5561048
2141 1835 16795262 2.5561048
2136 1834 16795268 2.5561048
2137 1835 16795274 2.5561048
2134 1839 16795280 2.5561048
2131 1832 16795285 2.5561048
2137 1833 16795291 2.5561048
2135 1834 16795297 2.5561048
2140 1832 16795303 2.5561048
2137 1833 16795309 2.5561048
2134 1835 16795315 2.5561048
2136 1834 16795320 2.5561048
2131 1836 16795326 2.5561048
2127 1833 16795332 2.5561048
2135 1831 16795338 2.5561048
2130 1833 16795344 2.5561048
2134 1835 16795350 2.5561048
2133 1829 16795355 2.5561048
2134 1828 16795361 2.5561048
2131 1834 16795367 2.5561048
2135 1830 16795373 2.5561048
2135 1833 16795379 2.5561048
2133 1832 16795385 2.5561048
2132 1834 16795390 2.5561048
2133 1828 16795396 2.5561048
2135 1830 16795402 2.5561048
2134 1835 16795408 2.5561048
2131 1832 16795414 2.5561048
2135 1833 16795420 2.5561048
2133 1830 16795425 2.5561048
2132 1832 16795431 2.5561048
2136 1834 16795437 2.5561048
2135 1829 16795443 2.5561048
2136 1831 16795449 2.5561048
2134 1834 16795455 2.5561048
2135 1831 16795461 2.5561048
2134 1832 16795466 2.5561048
2136 1823 16795472 2.5561048
2137 1837 16795478 2.5561048
2136 1836 16795484 2.5561048
2136 1837 16795490 2.5561048
2135 1834 16795496 2.5561048
2137 1838 16795501 2.5561048
2136 1837 16795507 2.5561048
2138 1838 16795513 2.5561048
2133 1835 16795519 2.5561048
2136 1831 16795525 2.5561048
2137 1834 16795531 2.5561048
2135 1833 16795536 2.5561048
2131 1835 16795542 2.5561048
2137 1834 16795548 2.5561048
2129 1830 16795554 2.5561048
2135 1836 16795560 2.5561048
2135 1829 16795566 2.5561048
2133 1831 16795571 2.5561048
2137 1837 16795577 2.5561048
2133 1831 16795583 2.5561048
2135 1833 16795589 2.5561048
2136 1834 16795595 2.5561048
2135 1831 16795601 2.5561048
2137 1834 16795606 2.5561048
2130 1830 16795612 2.5561048
2135 1836 16795618 2.5561048
2133 1833 16795624 2.5561048
2131 1830 16795630 2.5561048
2137 1835 16795636 2.5561048
2132 1830 16795641 2.5561048
2134 1830 16795647 2.5561048
2137 1835 16795653 2.5561048
2134 1835 16795659 2.5561048
2134 1834 16795665 2.5561048
2136 1833 16795671 2.5561048
2137 1833 16795677 2.5561048
2138 1832 16795682 2.5561048
2133 1831 16795688 2.5561048
2132 1837 16795694 2.5561048
2132 1834 16795700 2.5561048
2132 1837 16795706 2.5561048
2134 1831 16795712 2.5561048
2134 1832 16795717 2.5561048
2132 1836 16795723 2.5561048
2133 1833 16795729 2.5561048
2136 1828 16795735 2.5561048
2135 1836 16795741 2.5561048
2134 1830 16795747 2.5561048
2133 1836 16795752 2.5561048
2135 1835 16795758 2.5561048
2134 1833 16795764 2.5561048
2137 1832 16795770 2.5561048
2134 1837 16795776 2.5561048
2132 1832 16795782 2.5561048
2130 1829 16795787 2.5561048
2132 1832 16795793 2.5561048
2129 1828 16795799 2.5561048
2134 1832 16795805 2.5561048
2134 1834 16795811 2.5561048
2134 1830 16795817 2.5561048
2134 1834 16795822 2.5561048
2129 1830 16795828 2.5561048
2135 1835 16795834 2.5561048
2138 1836 16795840 2.5561048
2132 1834 16795846 2.5561048
2136 1835 16795852 2.5561048
2131 1830 16795857 2.5561048
2135 1832 16795863 2.5561048
2135 1835 16795869 2.5561048
2134 1836 16795875 2.5561048
2137 1836 16795881 2.5561048
2131 1831 16795887 2.5561048
2133 1832 16795892 2.5561048
2136 1836 16795898 2.5561048
2132 1835 16795904 2.5561048
2137 1832 16795910 2.5561048
2135 1834 16795916 2.5561048
2133 1835 16795922 2.5561048
2136 1832 16795928 2.5561048
2133 1833 16795933 2.5561048
2134 1834 16795939 2.5561048
2138 1837 16795945 2.5561048
2134 1833 16795951 2.5561048
2133 1829 16795957 2.5561048
2135 1832 16795963 2.5561048
2136 1835 16795968 2.5561048
2137 1836 16795974 2.5561048
2137 1835 16795980 2.5561048
2136 1830 16795986 2.5561048
2138 1840 16795992 2.5561048
2138 1832 16795999 2.5561048
2131 1829 16796005 2.5561048
2138 1835 16796010 2.5561048
2134 1835 16796016 2.5561048
2131 1830 16796022 2.5561048
2130 1831 16796028 2.5561048
2139 1829 16796034 2.5561048
2139 1833 16796040 2.5561048
2134 1833 16796045 2.5561048
2136 1836 16796051 2.5561048
2131 1834 16796057 2.5561048
2131 1829 16796063 2.5561048
2133 1834 16796069 2.5561048
2134 1835 16796075 2.5561048
2134 1832 16796080 2.5561048
2131 1828 16796086 2.5561048
2134 1836 16796092 2.5561048
2135 1833 16796098 2.5561048
2133 1830 16796104 2.5561048
2135 1835 16796110 2.5561048
2139 1830 16796116 2.5561048
2134 1836 16796121 2.5561048
2138 1838 16796127 2.5561048
2138 1838 16796133 2.5561048
2136 1835 16796139 2.5561048
2135 1832 16796145 2.5561048
2133 1835 16796151 2.5561048
2137 1834 16796156 2.5561048
2134 1831 16796162 2.5561048
2133 1833 16796168 2.5561048
2132 1833 16796174 2.5561048
2134 1832 16796180 2.5561048
2137 1833 16796186 2.5561048
2132 1833 16796191 2.5561048
2137 1834 16796197 2.5561048
2136 1831 16796203 2.5561048
2133 1833 16796209 2.5561048
2135 1834 16796215 2.5561048
2138 1836 16796221 2.5561048
2137 1830 16796226 2.5561048
2135 1835 16796232 2.5561048
2134 1836 16796238 2.5561048
2134 1839 16796244 2.5561048
2134 1833 16796250 2.5561048
2134 1834 16796256 2.5561048
2133 1830 16796261 2.5561048
2137 1835 16796267 2.5561048
2135 1833 16796273 2.5561048
2134 1833 16796279 2.5561048
2134 1834 16796285 2.5561048
2131 1828 16796291 2.5561048
2135 1835 16796296 2.5561048
2135 1833 16796302 2.5561048
2135 1833 16796308 2.5561048
2135 1830 16796314 2.5561048
2130 1831 16796320 2.5561048
2135 1834 16796326 2.5561048
2135 1835 16796332 2.5561048
2132 1836 16796337 2.5561048
2137 1830 16796343 2.5561048
2129 1830 16796349 2.5561048
2136 1835 16796355 2.5561048
2136 1835 16796361 2.5561048
2136 1833 16796367 2.5561048
2133 1830 16796372 2.5561048
2134 1831 16796378 2.5561048
2138 1835 16796384 2.5561048
2136 1836 16796390 2.5561048
2138 1837 16796396 2.5561048
2141 1836 16796402 2.5561048
2138 1834 16796407 2.5561048
2140 1839 16796413 2.5561048
2136 1831 16796419 2.5561048
2134 1833 16796425 2.5561048
2135 1834 16796431 2.5561048
2136 1833 16796437 2.5561048
2133 1840 16796442 2.5561048
2142 1837 16796448 2.5561048
2137 1838 16796454 2.5561048
2142 1839 16796460 2.5561048
2136 1835 16796466 2.5561048
2137 1837 16796472 2.5561048
2136 1844 16796477 2.5561048
2132 1832 16796483 2.5561048
2134 1833 16796489 2.5561048
2133 1833 16796495 2.5561048
2139 1836 16796501 2.5561048
2139 1834 16796507 2.5561048
2136 1836 16796512 2.5561048
2137 1837 16796518 2.5561048
2137 1833 16796524 2.5561048
2136 1831 16796530 2.5561048
2134 1831 16796536 2.5561048
2135 1834 16796542 2.5561048
2132 1833 16796547 2.5561048
2132 1834 16796553 2.5561048
2130 1828 16796559 2.5561048
2136 1834 16796565 2.5561048
2134 1831 16796571 2.5561048
2137 1835 16796577 2.5561048
2137 1832 16796583 2.5561048
2133 1827 16796588 2.5561048
2132 1835 16796594 2.5561048
2125 1823 16796600 2.5561048
2134 1829 16796606 2.5561048
2132 1835 16796612 2.5561048
2128 1830 16796618 2.5561048
2132 1828 16796623 2.5561048
2133 1833 16796629 2.5561048
2132 1832 16796635 2.5561048
2134 1832 16796641 2.5561048
2138 1836 16796647 2.5561048
2139 1836 16796653 2.5561048
2131 1827 16796658 2.5561048
2131 1831 16796664 2.5561048
2135 1829 16796670 2.5561048
2132 1828 16796676 2.5561048
2137 1835 16796682 2.5561048
2135 1835 16796688 2.5561048
2133 1831 16796693 2.5561048
2136 1831 16796699 2.5561048
2138 1839 16796705 2.5561048
2136 1837 16796711 2.5561048
2132 1833 16796717 2.5561048
2127 1834 16796723 2.5561048
2132 1829 16796728 2.5561048
2132 1833 16796734 2.5561048
2130 1833 16796740 2.5561048
2135 1834 16796746 2.5561048
2132 1835 16796752 2.5561048
2138 1835 16796758 2.5561048
2139 1835 16796764 2.5561048
2131 1833 16796769 2.5561048
2136 1834 16796775 2.5561048
2136 1831 16796781 2.5561048
2131 1830 16796787 2.5561048
2129 1830 16796793 2.5561048
2133 1827 16796799 2.5561048
2130 1832 16796804 2.5561048
2134 1832 16796810 2.5561048
2134 1835 16796816 2.5561048
2136 1837 16796822 2.5561048
2138 1830 16796828 2.5561048
2138 1833 16796834 2.5561048
2133 1832 16796839 2.5561048
2129 1825 16796845 2.5561048
2132 1830 16796851 2.5561048
2131 1828 16796857 2.5561048
2133 1833 16796863 2.5561048
2135 1832 16796869 2.5561048
2135 1835 16796874 2.5561048
2136 1830 16796880 2.5561048
2134 1836 16796886 2.5561048
2136 1835 16796892 2.5561048
2133 1830 16796898 2.5561048
2133 1834 16796904 2.5561048
2131 1829 16796909 2.5561048
2128 1831 16796915 2.5561048
2128 1830 16796921 2.5561048
2132 1832 16796927 2.5561048
2132 1833 16796933 2.5561048
2136 1830 16796939 2.5561048
2134 1832 16796944 2.5561048
2131 1833 16796950 2.5561048
2132 1832 16796956 2.5561048
2133 1830 16796962 2.5561048
2132 1831 16796968 2.5561048
2133 1826 16796974 2.5561048
2128 1830 16796979 2.5561048
2130 1827 16796985 2.5561048
2135 1834 16796991 2.5561048
2130 1834 16796999 2.5561048
2135 1836 16797005 2.5561048
2137 1836 16797011 2.5561048
2133 1831 16797017 2.5561048
2138 1832 16797023 2.5561048
2133 1834 16797028 2.5561048
2130 1828 16797034 2.5561048
2131 1833 16797040 2.5561048
2133 1831 16797046 2.5561048
2134 1832 16797052 2.5561048
2137 1833 16797058 2.5561048
2129 1833 16797063 2.5561048
2139 1834 16797069 2.5561048
2134 1831 16797075 2.5561048
2131 1833 16797081 2.5561048
2131 1830 16797087 2.5561048
2130 1830 16797093 2.5561048
2137 1831 16797098 2.5561048
2133 1834 16797104 2.5561048
2137 1829 16797110 2.5561048
2129 1836 16797116 2.5561048
2135 1835 16797122 2.5561048
2136 1835 16797128 2.5561048
2138 1839 16797133 2.5561048
2136 1830 16797139 2.5561048
2136 1834 16797145 2.5561048
2135 1836 16797151 2.5561048
2137 1836 16797157 2.5561048
2136 1834 16797163 2.5561048
2138 1835 16797168 2.5561048
2135 1836 16797174 2.5561048
2133 1832 16797180 2.5561048
2130 1832 16797186 2.5561048
2138 1836 16797192 2.5561048
2133 1833 16797198 2.5561048
2134 1830 16797203 2.5561048
2134 1832 16797209 2.5561048
2130 1829 16797215 2.5561048
2135 1832 16797221 2.5561048
2130 1828 16797227 2.5561048
2129 1831 16797233 2.5561048
2133 1831 16797238 2.5561048
2130 1830 16797244 2.5561048
2132 1829 16797250 2.5561048
2132 1833 16797256 2.5561048
2132 1827 16797262 2.5561048
2133 1835 16797268 2.5561048
2138 1829 16797274 2.5561048
2138 1835 16797279 2.5561048
2134 1835 16797285 2.5561048
2139 1836 16797291 2.5561048
2133 1834 16797297 2.5561048
2128 1830 16797303 2.5561048
2136 1831 16797309 2.5561048
2131 1830 16797314 2.5561048
2129 1834 16797320 2.5561048
2133 1831 16797326 2.5561048
2135 1833 16797332 2.5561048
2136 1833 16797338 2.5561048
2134 1837 16797344 2.5561048
2134 1838 16797349 2.5561048
2135 1833 16797355 2.5561048
2134 1833 16797361 2.5561048
2138 1834 16797367 2.5561048
2130 1834 16797373 2.5561048
2130 1828 16797379 2.5561048
2130 1829 16797384 2.5561048
2132 1833 16797390 2.5561048
2128 1834 16797396 2.5561048
2136 1835 16797402 2.5561048
2137 1832 16797408 2.5561048
2127 1829 16797414 2.5561048
2129 1828 16797419 2.5561048
2132 1824 16797425 2.5561048
2125 1827 16797431 2.5561048
2127 1831 16797437 2.5561048
2127 1823 16797443 2.5561048
2127 1837 16797449 2.5561048
2131 1830 16797454 2.5561048
2131 1830 16797460 2.5561048
2135 1831 16797466 2.5561048
2126 1831 16797472 2.5561048
2132 1829 16797478 2.5561048
2125 1827 16797484 2.5561048
2129 1830 16797490 2.5561048
2127 1827 16797495 2.5561048
2131 1825 16797501 2.5561048
2133 1826 16797507 2.5561048
2132 1832 16797513 2.5561048
2132 1833 16797519 2.5561048
2135 1832 16797525 2.5561048
2128 1826 16797530 2.5561048
2130 1830 16797536 2.5561048
2129 1829 16797542 2.5561048
2129 1829 16797548 2.5561048
2131 1832 16797554 2.5561048
2129 1826 16797560 2.5561048
2136 1830 16797565 2.5561048
2130 1827 16797571 2.5561048
2131 1825 16797577 2.5561048
2130 1832 16797583 2.5561048
2132 1834 16797589 2.5561048
2133 1830 16797595 2.5561048
2130 1829 16797600 2.5561048
2131 1830 16797606 2.5561048
2128 1829 16797612 2.5561048
2133 1832 16797618 2.5561048
2126 1831 16797624 2.5561048
2134 1831 16797630 2.5561048
2132 1827 16797635 2.5561048
2134 1832 16797641 2.5561048
2133 1827 16797647 2.5561048
2133 1833 16797653 2.5561048
2129 1828 16797659 2.5561048
2130 1827 16797665 2.5561048
2128 1828 16797670 2.5561048
2136 1830 16797676 2.5561048
2131 1829 16797682 2.5561048
2132 1831 16797688 2.5561048
2133 1832 16797694 2.5561048
2129 1829 16797700 2.5561048
2131 1830 16797705 2.5561048
2130 1826 16797711 2.5561048
2130 1830 16797717 2.5561048
2134 1829 16797723 2.5561048
2128 1827 16797729 2.5561048
2127 1833 16797735 2.5561048
2133 1828 16797741 2.5561048
2133 1833 16797746 2.5561048
2132 1832 16797752 2.5561048
2133 1828 16797758 2.5561048
2132 1833 16797764 2.5561048
2132 1832 16797770 2.5561048
2131 1831 16797776 2.5561048
2131 1832 16797781 2.5561048
2134 1829 16797787 2.5561048
2131 1830 16797793 2.5561048
2134 1829 16797799 2.5561048
2137 1835 16797805 2.5561048
2132 1830 16797811 2.5561048
2130 1828 16797816 2.5561048
2130 1832 16797822 2.5561048
2130 1829 16797828 2.5561048
2138 1832 16797834 2.5561048
2134 1833 16797840 2.5561048
2133 1833 16797846 2.5561048
2132 1828 16797851 2.5561048
2133 1828 16797857 2.5561048
2138 1836 16797863 2.5561048
2130 1834 16797869 2.5561048
2131 1833 16797875 2.5561048
2133 1837 16797881 2.5561048
2137 1833 16797886 2.5561048
2137 1831 16797892 2.5561048
2134 1834 16797898 2.5561048
2133 1833 16797904 2.5561048
2129 1830 16797910 2.5561048
2133 1829 16797916 2.5561048
2131 1830 16797922 2.5561048
2131 1831 16797927 2.5561048
2132 1829 16797933 2.5561048
2127 1830 16797939 2.5561048
2131 1833 16797945 2.5561048
2131 1831 16797951 2.5561048
2133 1829 16797957 2.5561048
2132 1830 16797962 2.5561048
2130 1830 16797968 2.5561048
2133 1833 16797974 2.5561048
2133 1829 16797980 2.5561048
2128 1828 16797986 2.5561048
2130 1828 16797992 2.5561048
2130 1828 16797999 2.5561048
2132 1832 16798005 2.5561048
2132 1831 16798011 2.5561048
2136 1832 16798016 2.5561048
2133 1831 16798022 2.5561048
2135 1833 16798028 2.5561048
2130 1832 16798034 2.5561048
2131 1824 16798040 2.5561048
2124 1827 16798046 2.5561048
2130 1824 16798052 2.5561048
2129 1829 16798057 2.5561048
2130 1833 16798063 2.5561048
2130 1830 16798069 2.5561048
2135 1835 16798075 2.5561048
2133 1832 16798081 2.5561048
2132 1823 16798087 2.5561048
2132 1832 16798092 2.5561048
2131 1828 16798098 2.5561048
2131 1833 16798104 2.5561048
2132 1830 16798110 2.5561048
2130 1833 16798116 2.5561048
2131 1828 16798122 2.5561048
2129 1827 16798127 2.5561048
2134 1838 16798133 2.5561048
2132 1835 16798139 2.5561048
2133 1834 16798145 2.5561048
2131 1829 16798151 2.5561048
2138 1825 16798157 2.5561048
2129 1824 16798162 2.5561048
2132 1829 16798168 2.5561048
2130 1830 16798174 2.5561048
2129 1826 16798180 2.5561048
2126 1829 16798186 2.5561048
2135 1831 16798192 2.5561048
2131 1831 16798197 2.5561048
2132 1826 16798203 2.5561048
2130 1827 16798209 2.5561048
2127 1829 16798215 2.5561048
2132 1827 16798221 2.5561048
2142 1830 16798227 2.5561048
2129 1828 16798232 2.5561048
2130 1827 16798238 2.5561048
2132 1827 16798244 2.5561048
2131 1827 16798250 2.5561048
2135 1832 16798256 2.5561048
2132 1828 16798262 2.5561048
2131 1827 16798268 2.5561048
2134 1831 16798273 2.5561048
2132 1827 16798279 2.5561048
2128 1827 16798285 2.5561048
2127 1824 16798291 2.5561048
2128 1831 16798297 2.5561048
2131 1831 16798303 2.5561048
2131 1829 16798308 2.5561048
2129 1829 16798314 2.5561048
2131 1826 16798320 2.5561048
2125 1827 16798326 2.5561048
2125 1828 16798332 2.5561048
2129 1832 16798338 2.5561048
2130 1834 16798343 2.5561048
2135 1832 16798349 2.5561048
2139 1832 16798355 2.5561048
2131 1833 16798361 2.5561048
2134 1830 16798367 2.5561048
2135 1831 16798373 2.5561048
2130 1831 16798378 2.5561048
2129 1829 16798384 2.5561048
2126 1828 16798390 2.5561048
2126 1827 16798396 2.5561048
2130 1827 16798402 2.5561048
2135 1829 16798408 2.5561048
2129 1829 16798413 2.5561048
2132 1832 16798419 2.5561048
2130 1828 16798425 2.5561048
2132 1825 16798431 2.5561048
2133 1826 16798437 2.5561048
2126 1827 16798443 2.5561048
2130 1828 16798448 2.5561048
2126 1827 16798454 2.5561048
2124 1822 16798460 2.5561048
2127 1829 16798466 2.5561048
2128 1829 16798472 2.5561048
2133 1829 16798478 2.5561048
2126 1827 16798483 2.5561048
2128 1825 16798489 2.5561048
2128 1826 16798495 2.5561048
2132 1832 16798501 2.5561048
2126 1830 16798507 2.5561048
2132 1828 16798513 2.5561048
2136 1833 16798519 2.5561048
2132 1827 16798524 2.5561048
2129 1826 16798530 2.5561048
2129 1829 16798536 2.5561048
2129 1826 16798542 2.5561048
2127 1823 16798548 2.5561048
2132 1825 16798554 2.5561048
2129 1832 16798559 2.5561048
2132 1829 16798565 2.5561048
2130 1831 16798571 2.5561048
2130 1830 16798577 2.5561048
2131 1832 16798583 2.5561048
2136 1831 16798589 2.5561048
2133 1834 16798594 2.5561048
2138 1834 16798600 2.5561048
2132 1832 16798606 2.5561048
2132 1835 16798612 2.5561048
2136 1837 16798618 2.5561048
2130 1830 16798624 2.5561048
2139 1834 16798629 2.5561048
2133 1831 16798635 2.5561048
2131 1832 16798641 2.5561048
2130 1831 16798647 2.5561048
2127 1828 16798653 2.5561048
2133 1834 16798659 2.5561048
2134 1828 16798664 2.5561048
2129 1829 16798670 2.5561048
2129 1829 16798676 2.5561048
2132 1832 16798682 2.5561048
2129 1833 16798688 2.5561048
2135 1833 16798694 2.5561048
2132 1826 16798700 2.5561048
2130 1827 16798705 2.5561048
2131 1830 16798711 2.5561048
2129 1827 16798717 2.5561048
2133 1833 16798723 2.5561048
2134 1830 16798729 2.5561048
2132 1828 16798735 2.5561048
2134 1831 16798740 2.5561048
2127 1826 16798746 2.5561048
2129 1832 16798752 2.5561048
2128 1823 16798758 2.5561048
2129 1826 16798764 2.5561048
2132 1831 16798770 2.5561048
2130 1828 16798775 2.5561048
2126 1830 16798781 2.5561048
2134 1832 16798787 2.5561048
2134 1827 16798793 2.5561048
2131 1832 16798799 2.5561048
2127 1828 16798805 2.5561048
2127 1831 16798810 2.5561048
2131 1828 16798816 2.5561048
2127 1830 16798822 2.5561048
2130 1834 16798828 2.5561048
2132 1832 16798834 2.5561048
2129 1827 16798840 2.5561048
2133 1832 16798845 2.5561048
2133 1833 16798851 2.5561048
2132 1833 16798857 2.5561048
2130 1828 16798863 2.5561048
2136 1835 16798869 2.5561048
2134 1830 16798875 2.5561048
2133 1830 16798880 2.5561048
2133 1832 16798886 2.5561048
2123 1826 16798892 2.5561048
2128 1833 16798898 2.5561048
2130 1832 16798904 2.5561048
2128 1830 16798910 2.5561048
2126 1828 16798915 2.5561048
2127 1831 16798921 2.5561048
2132 1827 16798927 2.5561048
2131 1834 16798933 2.5561048
2127 1829 16798939 2.5561048
2128 1826 16798945 2.5561048
2132 1825 16798951 2.5561048
2129 1828 16798956 2.5561048
2129 1831 16798962 2.5561048
2119 1826 16798968 2.5561048
2130 1831 16798974 2.5561048
2131 1827 16798980 2.5561048
2128 1827 16798986 2.5561048
2130 1830 16798991 2.5561048
2131 1829 16798999 2.5561048
2129 1828 16799005 2.5561048
2127 1829 16799011 2.5561048
2124 1825 16799016 2.5561048
2130 1829 16799022 2.5561048
2127 1829 16799028 2.5561048
2130 1828 16799034 2.5561048
2130 1832 16799040 2.5561048
2130 1831 16799046 2.5561048
2129 1829 16799051 2.5561048
2128 1827 16799057 2.5561048
2133 1826 16799063 2.5561048
2130 1827 16799069 2.5561048
2129 1824 16799075 2.5561048
2128 1824 16799081 2.5561048
2128 1825 16799086 2.5561048
2128 1828 16799092 2.5561048
2138 1829 16799098 2.5561048
2133 1827 16799104 2.5561048
2127 1829 16799110 2.5561048
2131 1830 16799116 2.5561048
2126 1833 16799121 2.5561048
2135 1832 16799127 2.5561048
2132 1828 16799133 2.5561048
2132 1833 16799139 2.5561048
2132 1830 16799145 2.5561048
2130 1833 16799151 2.5561048
2133 1833 16799156 2.5561048
2126 1826 16799162 2.5561048
2131 1830 16799168 2.5561048
2141 1829 16799174 2.5561048
2132 1823 16799180 2.5561048
2129 1827 16799186 2.5561048
2132 1830 16799192 2.5561048
2127 1829 16799197 2.5561048
2131 1828 16799203 2.5561048
2128 1825 16799209 2.5561048
2130 1831 16799215 2.5561048
2131 1825 16799221 2.5561048
2127 1824 16799227 2.5561048
2128 1827 16799232 2.5561048
2133 1830 16799238 2.5561048
2127 1824 16799244 2.5561048
2127 1828 16799250 2.5561048
2127 1826 16799256 2.5561048
2129 1829 16799262 2.5561048
2127 1828 16799267 2.5561048
2129 1826 16799273 2.5561048
2126 1828 16799279 2.5561048
2124 1823 16799285 2.5561048
2126 1822 16799291 2.5561048
2132 1828 16799297 2.5561048
2127 1828 16799302 2.5561048
2130 1826 16799308 2.5561048
2127 1823 16799314 2.5561048
2132 1830 16799320 2.5561048
2127 1826 16799326 2.5561048
2126 1826 16799332 2.5561048
2130 1820 16799337 2.5561048
2131 1825 16799343 2.5561048
2130 1826 16799349 2.5561048
2128 1828 16799355 2.5561048
2133 1831 16799361 2.5561048
2134 1829 16799367 2.5561048
2133 1831 16799372 2.5561048
2135 1831 16799378 2.5561048
2131 1831 16799384 2.5561048
2134 1832 16799390 2.5561048
2127 1829 16799396 2.5561048
2132 1828 16799402 2.5561048
2133 1832 16799408 2.5561048
2136 1832 16799413 2.5561048
2127 1829 16799419 2.5561048
2128 1829 16799425 2.5561048
2127 1828 16799431 2.5561048
2129 1827 16799437 2.5561048
2132 1830 16799443 2.5561048
2131 1831 16799448 2.5561048
2133 1833 16799454 2.5561048
2130 1827 16799460 2.5561048
2127 1827 16799466 2.5561048
2133 1835 16799472 2.5561048
2127 1827 16799478 2.5561048
2131 1832 16799483 2.5561048
2134 1834 16799489 2.5561048
2128 1826 16799495 2.5561048
2132 1834 16799501 2.5561048
2126 1829 16799507 2.5561048
2131 1830 16799513 2.5561048
2127 1831 16799518 2.5561048
2130 1828 16799524 2.5561048
2131 1828 16799530 2.5561048
2128 1830 16799536 2.5561048
2132 1829 16799542 2.5561048
2129 1828 16799548 2.5561048
2128 1825 16799553 2.5561048
2129 1827 16799559 2.5561048
2126 1828 16799565 2.5561048
2130 1824 16799571 2.5561048
2128 1822 16799577 2.5561048
2128 1824 16799583 2.5561048
2127 1824 16799588 2.5561048
2130 1828 16799594 2.5561048
2128 1828 16799600 2.5561048
2128 1828 16799606 2.5561048
2131 1828 16799612 2.5561048
2130 1830 16799618 2.5561048
2133 1829 16799623 2.5561048
2127 1830 16799629 2.5561048
2131 1827 16799635 2.5561048
2131 1832 16799641 2.5561048
2124 1824 16799647 2.5561048
2129 1828 16799653 2.5561048
2129 1825 16799659 2.5561048
2129 1831 16799664 2.5561048
2131 1827 16799670 2.5561048
2129 1828 16799676 2.5561048
2129 1830 16799682 2.5561048
2133 1827 16799688 2.5561048
2128 1830 16799694 2.5561048
2132 1833 16799699 2.5561048
2131 1830 16799705 2.5561048
2128 1828 16799711 2.5561048
2126 1825 16799717 2.5561048
2131 1824 16799723 2.5561048
2129 1831 16799729 2.5561048
2131 1826 16799734 2.5561048
2130 1827 16799740 2.5561048
2127 1821 16799746 2.5561048
2127 1824 16799752 2.5561048
2125 1828 16799758 2.5561048
2132 1828 16799764 2.5561048
2129 1826 16799769 2.5561048
2128 1829 16799775 2.5561048
2125 1823 16799781 2.5561048
2125 1823 16799787 2.5561048
2122 1827 16799793 2.5561048
2129 1826 16799799 2.5561048
2126 1828 16799804 2.5561048
2128 1824 16799810 2.5561048
2129 1829 16799816 2.5561048
2127 1831 16799822 2.5561048
2129 1824 16799828 2.5561048
2129 1831 16799834 2.5561048
2130 1828 16799839 2.5561048
2126 1822 16799845 2.5561048
2126 1826 16799851 2.5561048
2125 1830 16799857 2.5561048
2127 1826 16799863 2.5561048
2134 1833 16799869 2.5561048
2132 1832 16799875 2.5561048
2133 1830 16799880 2.5561048
2117 1824 16799886 2.5561048
2128 1829 16799892 2.5561048
2129 1826 16799898 2.5561048
2122 1825 16799904 2.5561048
2124 1824 16799910 2.5561048
2129 1824 16799915 2.5561048
2128 1829 16799921 2.5561048
2130 1828 16799927 2.5561048
2130 1833 16799933 2.5561048
2131 1830 16799939 2.5561048
2127 1828 16799945 2.5561048
2130 1826 16799950 2.5561048
2128 1826 16799956 2.5561048
2125 1823 16799962 2.5561048
2127 1828 16799968 2.5561048
2129 1830 16799974 2.5561048
2128 1825 16799980 2.5561048
2129 1829 16799985 2.5561048
2132 1830 16799991 2.5561048
2134 1830 16799998 2.5561048
2121 1829 16800005 2.5561048
2133 1831 16800010 2.5561048
2131 1830 16800016 2.5561048
2132 1826 16800022 2.5561048
2127 1827 16800028 2.5561048
2127 1826 16800034 2.5561048
2128 1825 16800040 2.5561048
2130 1826 16800046 2.5561048
2127 1828 16800051 2.5561048
2131 1829 16800057 2.5561048
2129 1827 16800063 2.5561048
2130 1824 16800069 2.5561048
2125 1828 16800075 2.5561048
2129 1825 16800081 2.5561048
2123 1828 16800086 2.5561048
2125 1825 16800092 2.5561048
2123 1829 16800098 2.5561048
2129 1825 16800104 2.5561048
2133 1825 16800110 2.5561048
2133 1830 16800116 2.5561048
2132 1831 16800121 2.5561048
2129 1828 16800127 2.5561048
2125 1823 16800133 2.5561048
2125 1824 16800139 2.5561048
2129 1828 16800145 2.5561048
2128 1824 16800151 2.5561048
2124 1824 16800156 2.5561048
2129 1827 16800162 2.5561048
2131 1829 16800168 2.5561048
2132 1830 16800174 2.5561048
2134 1824 16800180 2.5561048
2127 1829 16800186 2.5561048
2128 1830 16800191 2.5561048
2131 1828 16800197 2.5561048
2127 1828 16800203 2.5561048
2124 1827 16800209 2.5561048
2129 1828 16800215 2.5561048
2128 1826 16800221 2.5561048
2127 1828 16800226 2.5561048
2128 1827 16800232 2.5561048
2129 1829 16800238 2.5561048
2126 1824 16800244 2.5561048
2129 1827 16800250 2.5561048
2124 1828 16800256 2.5561048
2125 1828 16800262 2.5561048
2129 1825 16800267 2.5561048
2131 1824 16800273 2.5561048
2132 1827 16800279 2.5561048
2130 1828 16800285 2.5561048
2128 1825 16800291 2.5561048
2131 1829 16800297 2.5561048
2127 1826 16800302 2.5561048
2122 1823 16800308 2.5561048
2129 1824 16800314 2.5561048
2122 1825 16800320 2.5561048
2130 1828 16800326 2.5561048
2142 1827 16800332 2.5561048
2130 1829 16800337 2.5561048
2132 1828 16800343 2.5561048
2131 1828 16800349 2.5561048
2131 1830 16800355 2.5561048
2128 1832 16800361 2.5561048
2124 1824 16800367 2.5561048
2123 1823 16800372 2.5561048
2120 1822 16800378 2.5561048
2122 1824 16800384 2.5561048
2127 1824 16800390 2.5561048
2125 1823 16800396 2.5561048
2131 1836 16800402 2.5561048
2129 1825 16800407 2.5561048
2128 1826 16800413 2.5561048
2129 1815 16800419 2.5561048
2123 1822 16800425 2.5561048
2129 1827 16800431 2.5561048
2124 1822 16800437 2.5561048
2127 1827 16800442 2.5561048
2126 1824 16800448 2.5561048
2124 1824 16800454 2.5561048
2123 1826 16800460 2.5561048
2128 1822 16800466 2.5561048
2124 1822 16800472 2.5561048
2130 1828 16800478 2.5561048
2125 1825 16800483 2.5561048
2125 1822 16800489 2.5561048
2128 1817 16800495 2.5561048
2124 1824 16800501 2.5561048
2124 1826 16800507 2.5561048
2130 1827 16800513 2.5561048
2124 1823 16800518 2.5561048
2124 1829 16800524 2.5561048
2127 1822 16800530 2.5561048
2132 1829 16800536 2.5561048
2130 1824 16800542 2.5561048
2125 1825 16800548 2.5561048
2133 1828 16800553 2.5561048
2126 1829 16800559 2.5561048
2128 1830 16800565 2.5561048
2131 1830 16800571 2.5561048
2131 1829 16800577 2.5561048
2133 1822 16800583 2.5561048
2128 1822 16800588 2.5561048
2124 1824 16800594 2.5561048
2122 1825 16800600 2.5561048
2126 1821 16800606 2.5561048
2129 1826 16800612 2.5561048
2128 1829 16800618 2.5561048
2132 1826 16800623 2.5561048
2130 1830 16800629 2.5561048
2130 1825 16800635 2.5561048
2126 1832 16800641 2.5561048
2124 1821 16800647 2.5561048
2125 1826 16800653 2.5561048
2122 1821 16800658 2.5561048
2119 1818 16800664 2.5561048
2122 1819 16800670 2.5561048
2121 1820 16800676 2.5561048
2124 1822 16800682 2.5561048
2126 1824 16800688 2.5561048
2129 1827 16800694 2.5561048
2127 1829 16800699 2.5561048
2129 1823 16800705 2.5561048
2122 1821 16800711 2.5561048
2124 1826 16800717 2.5561048
2123 1819 16800723 2.5561048
2121 1815 16800729 2.5561048
2123 1827 16800734 2.5561048
2120 1819 16800740 2.5561048
2122 1824 16800746 2.5561048
2122 1823 16800752 2.5561048
2131 1824 16800758 2.5561048
2120 1825 16800764 2.5561048
2127 1830 16800769 2.5561048
2126 1826 16800775 2.5561048
2130 1826 16800781 2.5561048
2123 1821 16800787 2.5561048
2127 1824 16800793 2.5561048
2128 1830 16800799 2.5561048
2129 1824 16800804 2.5561048
2127 1827 16800810 2.5561048
2128 1827 16800816 2.5561048
2129 1828 16800822 2.5561048
2128 1824 16800828 2.5561048
2127 1829 16800834 2.5561048
2128 1822 16800839 2.5561048
2128 1824 16800845 2.5561048
2125 1821 16800851 2.5561048
2129 1824 16800857 2.5561048
2126 1830 16800863 2.5561048
2128 1830 16800869 2.5561048
2128 1825 16800874 2.5561048
2128 1826 16800880 2.5561048
2127 1826 16800886 2.5561048
2124 1824 16800892 2.5561048
2121 1821 16800898 2.5561048
2123 1821 16800904 2.5561048
2123 1821 16800909 2.5561048
2120 1821 16800915 2.5561048
2119 1818 16800921 2.5561048
2126 1823 16800927 2.5561048
2127 1822 16800933 2.5561048
2126 1824 16800939 2.5561048
2127 1821 16800945 2.5561048
2122 1826 16800950 2.5561048
2124 1824 16800956 2.5561048
2119 1820 16800962 2.5561048
2123 1822 16800968 2.5561048
2127 1819 16800974 2.5561048
2121 1821 16800980 2.5561048
2124 1818 16800985 2.5561048
2126 1819 16800991 2.5561048
2126 1827 16800999 2.5561048
2129 1821 16801005 2.5561048
2127 1828 16801011 2.5561048
2123 1822 16801017 2.5561048
2122 1823 16801023 2.5561048
2122 1829 16801028 2.5561048
2125 1820 16801034 2.5561048
2128 1826 16801040 2.5561048
2128 1826 16801046 2.5561048
2129 1823 16801052 2.5561048
2132 1828 16801058 2.5561048
2128 1827 16801064 2.5561048
2129 1827 16801069 2.5561048
2128 1828 16801075 2.5561048
2125 1825 16801081 2.5561048
2129 1825 16801087 2.5561048
2125 1829 16801093 2.5561048
2131 1824 16801099 2.5561048
2129 1824 16801104 2.5561048
2128 1819 16801110 2.5561048
2132 1826 16801116 2.5561048
2127 1826 16801122 2.5561048
2123 1826 16801128 2.5561048
2127 1826 16801134 2.5561048
2123 1824 16801139 2.5561048
2154 1818 11735 2.5561048
2144 1808 11741 2.5561048
2149 1814 11746 2.5561048
2148 1811 11752 2.5561048
2144 1819 11758 2.5561048
2147 1813 11764 2.5561048
2151 1811 11770 2.5561048
2147 1814 11776 2.5561048
2144 1807 11781 2.5561048
2143 1809 11787 2.5561048
2147 1811 11793 2.5561048
2144 1808 11799 2.5561048
2144 1811 11805 2.5561048
2150 1813 11811 2.5561048
2149 1808 11816 2.5561048
2148 1807 11822 2.5561048
2149 1818 11828 2.5561048
2149 1814 11834 2.5561048
2151 1809 11840 2.5561048
2152 1807 11846 2.5561048
2147 1813 11851 2.5561048
2143 1816 11857 2.5561048
2144 1813 11863 2.5561048
2149 1806 11869 2.5561048
2143 1810 11875 2.5561048
2142 1809 11881 2.5561048
2144 1813 11886 2.5561048
2146 1813 11892 2.5561048
2146 1812 11898 2.5561048
2146 1811 11904 2.5561048
2153 1817 11910 2.5561048
2150 1814 11916 2.5561048
2144 1811 11922 2.5561048
2148 1815 11927 2.5561048
2152 1810 11933 2.5561048
2152 1816 11939 2.5561048
2153 1815 11945 2.5561048
2149 1812 11951 2.5561048
2148 1815 11957 2.5561048
2153 1816 11962 2.5561048
2150 1816 11968 2.5561048
2151 1816 11974 2.5561048
2149 1819 11980 2.5561048
2150 1820 11986 2.5561048
2154 1818 11992 2.5561048
2151 1815 11999 2.5561048
2150 1821 12005 2.5561048
2149 1810 12011 2.5561048
2146 1812 12017 2.5561048
2147 1813 12022 2.5561048
2146 1813 12028 2.5561048
2145 1809 12034 2.5561048
2148 1810 12040 2.5561048
2149 1817 12046 2.5561048
2151 1818 12052 2.5561048
2145 1810 12058 2.5561048
2152 1813 12063 2.5561048
2148 1813 12069 2.5561048
2147 1810 12075 2.5561048
2149 1818 12081 2.5561048
2149 1814 12087 2.5561048
2143 1809 12093 2.5561048
2146 1814 12098 2.5561048
2155 1813 12104 2.5561048
2152 1813 12110 2.5561048
2149 1814 12116 2.5561048
2155 1816 12122 2.5561048
2150 1814 12128 2.5561048
2146 1815 12134 2.5561048
2149 1815 12139 2.5561048
2149 1814 12145 2.5561048
2149 1815 12151 2.5561048
2150 1814 12157 2.5561048
2148 1813 12163 2.5561048
2148 1810 12169 2.5561048
2150 1810 12175 2.5561048
2144 1809 12180 2.5561048
2144 1811 12186 2.5561048
2145 1807 12192 2.5561048
2143 1807 12198 2.5561048
2141 1808 12204 2.5561048
2143 1808 12210 2.5561048
2149 1814 12215 2.5561048
2147 1812 12221 2.5561048
2147 1811 12227 2.5561048
2147 1813 12233 2.5561048
2149 1812 12239 2.5561048
2146 1813 12245 2.5561048
2150 1817 12251 2.5561048
2148 1817 12256 2.5561048
2151 1814 12262 2.5561048
2144 1815 12268 2.5561048
2148 1816 12274 2.5561048
2149 1819 12280 2.5561048
2148 1810 12286 2.5561048
2152 1811 12291 2.5561048
2146 1809 12297 2.5561048
2142 1808 12303 2.5561048
2146 1811 12309 2.5561048
2147 1810 12315 2.5561048
2148 1813 12321 2.5561048
2153 1819 12327 2.5561048
2153 1816 12332 2.5561048
2153 1818 12338 2.5561048
2148 1813 12344 2.5561048
2149 1814 12350 2.5561048
2144 1810 12356 2.5561048
2144 1807 12362 2.5561048
2148 1810 12368 2.5561048
2143 1812 12373 2.5561048
2149 1814 12379 2.5561048
2148 1811 12385 2.5561048
2150 1813 12391 2.5561048
2148 1814 12397 2.5561048
2151 1816 12403 2.5561048
2151 1818 12408 2.5561048
2149 1815 12414 2.5561048
2149 1814 12420 2.5561048
2148 1811 12426 2.5561048
2148 1811 12432 2.5561048
2147 1812 12438 2.5561048
2148 1814 12444 2.5561048
2144 1812 12449 2.5561048
2150 1816 12455 2.5561048
2145 1810 12461 2.5561048
2150 1813 12467 2.5561048
2147 1813 12473 2.5561048
2146 1809 12479 2.5561048
2147 1814 12485 2.5561048
2146 1827 12490 2.5561048
2143 1813 12496 2.5561048
2145 1811 12502 2.5561048
2149 1814 12508 2.5561048
2148 1811 12514 2.5561048
2146 1815 12520 2.5561048
2139 1812 12525 2.5561048
2153 1810 12531 2.5561048
2149 1811 12537 2.5561048
2148 1816 12543 2.5561048
2149 1815 12549 2.5561048
2147 1809 12555 2.5561048
2146 1812 12561 2.5561048
2143 1811 12566 2.5561048
2147 1812 12572 2.5561048
2146 1812 12578 2.5561048
2145 1810 12584 2.5561048
2145 1814 12590 2.5561048
2147 1818 12596 2.5561048
2149 1810 12601 2.5561048
2147 1807 12607 2.5561048
2147 1811 12613 2.5561048
2147 1809 12619 2.5561048
2151 1814 12625 2.5561048
2145 1815 12631 2.5561048
2147 1812 12637 2.5561048
2146 1807 12642 2.5561048
2147 1810 12648 2.5561048
2147 1811 12654 2.5561048
2147 1815 12660 2.5561048
2146 1814 12666 2.5561048
2150 1814 12672 2.5561048
2150 1812 12678 2.5561048
2151 1814 12683 2.5561048
2151 1814 12689 2.5561048
2151 1811 12695 2.5561048
2150 1812 12701 2.5561048
2147 1817 12707 2.5561048
2147 1813 12713 2.5561048
2147 1809 12718 2.5561048
2146 1810 12724 2.5561048
2147 1810 12730 2.5561048
2148 1813 12736 2.5561048
2148 1813 12742 2.5561048
2149 1813 12748 2.5561048
2152 1816 12754 2.5561048
2153 1814 12759 2.5561048
2150 1813 12765 2.5561048
2148 1811 12771 2.5561048
2146 1816 12777 2.5561048
2149 1814 12783 2.5561048
2150 1817 12789 2.5561048
2148 1812 12795 2.5561048
2151 1817 12800 2.5561048
2152 1814 12806 2.5561048
2147 1815 12812 2.5561048
2152 1812 12818 2.5561048
2149 1820 12824 2.5561048
2151 1819 12830 2.5561048
2147 1815 12835 2.5561048
2154 1817 12841 2.5561048
2152 1811 12847 2.5561048
2148 1812 12853 2.5561048
2147 1814 12859 2.5561048
2148 1812 12865 2.5561048
2145 1816 12871 2.5561048
2147 1819 12876 2.5561048
2150 1814 12882 2.5561048
2148 1811 12888 2.5561048
2149 1818 12894 2.5561048
2150 1821 12900 2.5561048
2150 1811 12906 2.5561048
2148 1810 12912 2.5561048
2151 1814 12917 2.5561048
2147 1811 12923 2.5561048
2148 1813 12929 2.5561048
2149 1813 12935 2.5561048
2147 1810 12941 2.5561048
2147 1813 12947 2.5561048
2148 1808 12952 2.5561048
2146 1809 12958 2.5561048
2144 1809 12964 2.5561048
2145 1811 12970 2.5561048
2151 1817 12976 2.5561048
2150 1813 12982 2.5561048
2152 1817 12988 2.5561048
2147 1812 12993 2.5561048
2147 1814 13000 2.5561048
2154 1814 13006 2.5561048
2148 1816 13012 2.5561048
2147 1809 13018 2.5561048
2149 1815 13024 2.5561048
2152 1817 13030 2.5561048
2149 1814 13035 2.5561048
2153 1812 13041 2.5561048
2153 1815 13047 2.5561048
2149 1809 13053 2.5561048
2147 1813 13059 2.5561048
2146 1814 13065 2.5561048
2146 1810 13071 2.5561048
2147 1812 13076 2.5561048
2146 1813 13082 2.5561048
2152 1814 13088 2.5561048
2147 1812 13094 2.5561048
2144 1812 13100 2.5561048
2151 1813 13106 2.5561048
2148 1813 13111 2.5561048
2144 1810 13117 2.5561048
2148 1812 13123 2.5561048
2144 1814 13129 2.5561048
2148 1812 13135 2.5561048
2150 1817 13141 2.5561048
2149 1813 13147 2.5561048
2147 1813 13152 2.5561048
2147 1815 13158 2.5561048
2150 1817 13164 2.5561048
2146 1813 13170 2.5561048
2151 1812 13176 2.5561048
2149 1813 13182 2.5561048
2148 1814 13188 2.5561048
2149 1814 13193 2.5561048
2148 1816 13199 2.5561048
2148 1814 13205 2.5561048
2147 1809 13211 2.5561048
2146 1810 13217 2.5561048
2150 1814 13223 2.5561048
2147 1814 13228 2.5561048
2145 1814 13234 2.5561048
2148 1810 13240 2.5561048
2149 1812 13246 2.5561048
2151 1814 13252 2.5561048
2150 1815 13258 2.5561048
2150 1816 13264 2.5561048
2149 1811 13269 2.5561048
2151 1810 13275 2.5561048
2147 1812 13281 2.5561048
2147 1813 13287 2.5561048
2148 1813 13293 2.5561048
2143 1811 13299 2.5561048
2147 1813 13305 2.5561048
2149 1810 13310 2.5561048
2150 1812 13316 2.5561048
2146 1812 13322 2.5561048
2147 1815 13328 2.5561048
2145 1811 13334 2.5561048
2147 1807 13340 2.5561048
2148 1813 13345 2.5561048
2145 1812 13351 2.5561048
2145 1811 13357 2.5561048
2149 1810 13363 2.5561048
2149 1809 13369 2.5561048
2145 1809 13375 2.5561048
2149 1813 13381 2.5561048
2147 1813 13386 2.5561048
2150 1816 13392 2.5561048
2147 1815 13398 2.5561048
2155 1815 13404 2.5561048
2146 1814 13410 2.5561048
2147 1812 13416 2.5561048
2147 1816 13422 2.5561048
2145 1812 13427 2.5561048
2145 1815 13433 2.5561048
2149 1813 13439 2.5561048
2148 1810 13445 2.5561048
2146 1816 13451 2.5561048
2148 1812 13457 2.5561048
2148 1816 13462 2.5561048
2149 1814 13468 2.5561048
2147 1808 13474 2.5561048
2145 1810 13480 2.5561048
2152 1815 13486 2.5561048
2148 1816 13492 2.5561048
2149 1816 13498 2.5561048
2154 1816 13503 2.5561048
2148 1811 13509 2.5561048
2146 1809 13515 2.5561048
2150 1809 13521 2.5561048
2145 1809 13527 2.5561048
2147 1812 13533 2.5561048
2152 1812 13539 2.5561048
2148 1818 13544 2.5561048
2150 1818 13550 2.5561048
2153 1823 13556 2.5561048
2153 1817 13562 2.5561048
2157 1819 13568 2.5561048
2153 1812 13574 2.5561048
2153 1820 13579 2.5561048
2150 1815 13585 2.5561048
2148 1811 13591 2.5561048
2142 1806 13597 2.5561048
2145 1810 13603 2.5561048
2145 1813 13609 2.5561048
2149 1816 13615 2.5561048
2154 1818 13620 2.5561048
2151 1820 13626 2.5561048
2150 1816 13632 2.5561048
2155 1820 13638 2.5561048
2150 1819 13644 2.5561048
2149 1819 13650 2.5561048
2149 1816 13656 2.5561048
2148 1812 13661 2.5561048
2149 1815 13667 2.5561048
2151 1815 13673 2.5561048
2153 1815 13679 2.5561048
2153 1815 13685 2.5561048
2151 1813 13691 2.5561048
2154 1820 13696 2.5561048
2151 1818 13702 2.5561048
2154 1817 13708 2.5561048
2150 1815 13714 2.5561048
2151 1812 13720 2.5561048
2151 1813 13726 2.5561048
2150 1813 13732 2.5561048
2152 1821 13737 2.5561048
2152 1818 13743 2.5561048
2153 1815 13749 2.5561048
2154 1818 13755 2.5561048
2154 1821 13761 2.5561048
2147 1814 13767 2.5561048
2145 1813 13772 2.5561048
2144 1811 13778 2.5561048
2148 1809 13784 2.5561048
2143 1815 13790 2.5561048
2149 1815 13796 2.5561048
2152 1809 13802 2.5561048
2151 1816 13808 2.5561048
2149 1814 13813 2.5561048
2153 1812 13819 2.5561048
2148 1813 13825 2.5561048
2146 1808 13831 2.5561048
2149 1813 13837 2.5561048
2147 1813 13843 2.5561048
2147 1811 13849 2.5561048
2149 1814 13854 2.5561048
2148 1810 13860 2.5561048
2155 1819 13866 2.5561048
2153 1814 13872 2.5561048
2150 1817 13878 2.5561048
2149 1805 13884 2.5561048
2145 1809 13889 2.5561048
2150 1807 13895 2.5561048
2142 1812 13901 2.5561048
2148 1813 13907 2.5561048
2150 1814 13913 2.5561048
2146 1811 13919 2.5561048
2149 1815 13925 2.5561048
2150 1819 13930 2.5561048
2156 1818 13936 2.5561048
2151 1818 13942 2.5561048
2152 1817 13948 2.5561048
2152 1816 13954 2.5561048
2152 1817 13960 2.5561048
2149 1813 13966 2.5561048
2148 1815 13971 2.5561048
2150 1818 13977 2.5561048
2148 1814 13983 2.5561048
2156 1813 13989 2.5561048
2151 1817 13995 2.5561048
2155 1821 14002 2.5561048
2154 1820 14008 2.5561048
2152 1817 14013 2.5561048
2151 1815 14019 2.5561048
2151 1814 14025 2.5561048
2145 1813 14031 2.5561048
2148 1815 14037 2.5561048
2147 1812 14043 2.5561048
2148 1814 14048 2.5561048
2154 1811 14054 2.5561048
2150 1810 14060 2.5561048
2148 1811 14066 2.5561048
2152 1815 14072 2.5561048
2147 1817 14078 2.5561048
2148 1817 14084 2.5561048
2153 1815 14089 2.5561048
2148 1811 14095 2.5561048
2152 1815 14101 2.5561048
2147 1812 14107 2.5561048
2150 1814 14113 2.5561048
2150 1813 14119 2.5561048
2146 1811 14125 2.5561048
2146 1812 14130 2.5561048
2147 1813 14136 2.5561048
2154 1817 14142 2.5561048
2154 1819 14148 2.5561048
2155 1819 14154 2.5561048
2154 1819 14160 2.5561048
2156 1819 14165 2.5561048
2153 1815 14171 2.5561048
2151 1814 14177 2.5561048
2148 1810 14183 2.5561048
2144 1810 14189 2.5561048
2146 1813 14195 2.5561048
2145 1812 14201 2.5561048
2149 1813 14206 2.5561048
2155 1815 14212 2.5561048
2154 1818 14218 2.5561048
2158 1822 14224 2.5561048
2155 1818 14230 2.5561048
2154 1818 14236 2.5561048
2152 1815 14242 2.5561048
2149 1814 14247 2.5561048
2145 1808 14253 2.5561048
2143 1806 14259 2.5561048
2143 1810 14265 2.5561048
2145 1808 14271 2.5561048
2146 1812 14277 2.5561048
2149 1810 14282 2.5561048
2150 1820 14288 2.5561048
2149 1814 14294 2.5561048
2156 1817 14300 2.5561048
2159 1816 14306 2.5561048
2151 1816 14312 2.5561048
2147 1817 14318 2.5561048
2145 1814 14323 2.5561048
2148 1811 14329 2.5561048
2151 1814 14335 2.5561048
2150 1812 14341 2.5561048
2150 1814 14347 2.5561048
2150 1816 14353 2.5561048
2154 1818 14358 2.5561048
2154 1818 14364 2.5561048
2152 1814 14370 2.5561048
2152 1815 14376 2.5561048
2156 1819 14382 2.5561048
2147 1815 14388 2.5561048
2147 1815 14394 2.5561048
2149 1816 14399 2.5561048
2149 1814 14405 2.5561048
2154 1817 14411 2.5561048
2152 1819 14417 2.5561048
2153 1815 14423 2.5561048
2158 1821 14429 2.5561048
2156 1818 14435 2.5561048
2154 1821 14440 2.5561048
2151 1819 14446 2.5561048
2150 1812 14452 2.5561048
2150 1815 14458 2.5561048
2152 1815 14464 2.5561048
2146 1811 14470 2.5561048
2145 1818 14475 2.5561048
2151 1815 14481 2.5561048
2153 1820 14487 2.5561048
2155 1819 14493 2.5561048
2150 1822 14499 2.5561048
2151 1817 14505 2.5561048
2151 1817 14511 2.5561048
2151 1812 14516 2.5561048
2151 1816 14522 2.5561048
2155 1818 14528 2.5561048
2156 1820 14534 2.5561048
2158 1820 14540 2.5561048
2157 1821 14546 2.5561048
2156 1820 14552 2.5561048
2156 1820 14557 2.5561048
2154 1819 14563 2.5561048
2153 1819 14569 2.5561048
2152 1813 14575 2.5561048
2150 1814 14581 2.5561048
2150 1814 14587 2.5561048
2149 1818 14592 2.5561048
2151 1814 14598 2.5561048
2155 1818 14604 2.5561048
2155 1817 14610 2.5561048
2153 1816 14616 2.5561048
2152 1819 14622 2.5561048
2150 1816 14628 2.5561048
2143 1813 14633 2.5561048
2142 1810 14639 2.5561048
2146 1812 14645 2.5561048
2149 1813 14651 2.5561048
2147 1812 14657 2.5561048
2153 1818 14663 2.5561048
2154 1819 14669 2.5561048
2154 1819 14674 2.5561048
2149 1820 14680 2.5561048
2151 1815 14686 2.5561048
2153 1814 14692 2.5561048
2153 1818 14698 2.5561048
2150 1812 14704 2.5561048
2146 1814 14709 2.5561048
2151 1812 14715 2.5561048
2149 1814 14721 2.5561048
2148 1818 14727 2.5561048
2148 1811 14733 2.5561048
2147 1813 14739 2.5561048
2149 1815 14745 2.5561048
2146 1816 14750 2.5561048
2148 1814 14756 2.5561048
2150 1810 14762 2.5561048
2153 1813 14768 2.5561048
2149 1815 14774 2.5561048
2150 1819 14780 2.5561048
2148 1813 14785 2.5561048
2152 1813 14791 2.5561048
2162 1816 14797 2.5561048
2145 1811 14803 2.5561048
2143 1811 14809 2.5561048
2153 1818 14815 2.5561048
2151 1815 14821 2.5561048
2154 1821 14826 2.5561048
2153 1817 14832 2.5561048
2152 1816 14838 2.5561048
2153 1817 14844 2.5561048
2156 1820 14850 2.5561048
2154 1820 14856 2.5561048
2150 1816 14862 2.5561048
2149 1817 14867 2.5561048
2146 1816 14873 2.5561048
2145 1811 14879 2.5561048
2148 1809 14885 2.5561048
2147 1813 14891 2.5561048
2147 1815 14897 2.5561048
2148 1814 14902 2.5561048
2149 1812 14908 2.5561048
2147 1814 14914 2.5561048
2147 1813 14920 2.5561048
2149 1809 14926 2.5561048
2148 1816 14932 2.5561048
2148 1812 14938 2.5561048
2151 1814 14943 2.5561048
2150 1814 14949 2.5561048
2149 1813 14955 2.5561048
2151 1819 14961 2.5561048
2152 1817 14967 2.5561048
2150 1815 14973 2.5561048
2152 1812 14979 2.5561048
2149 1814 14984 2.5561048
2152 1820 14990 2.5561048
2155 1822 14996 2.5561048
2152 1818 15003 2.5561048
2154 1819 15009 2.5561048
2156 1816 15015 2.5561048
2151 1814 15021 2.5561048
2154 1819 15026 2.5561048
2149 1816 15032 2.5561048
2150 1818 15038 2.5561048
2153 1822 15044 2.5561048
2149 1816 15050 2.5561048
2152 1819 15056 2.5561048
2149 1818 15061 2.5561048
2146 1816 15067 2.5561048
2151 1817 15073 2.5561048
2148 1815 15079 2.5561048
2149 1812 15085 2.5561048
2151 1816 15091 2.5561048
2156 1817 15097 2.5561048
2150 1819 15102 2.5561048
2155 1815 15108 2.5561048
2148 1815 15114 2.5561048
2152 1814 15120 2.5561048
2154 1817 15126 2.5561048
2147 1810 15132 2.5561048
2151 1816 15138 2.5561048
2148 1816 15143 2.5561048
2147 1813 15149 2.5561048
2149 1813 15155 2.5561048
2149 1808 15161 2.5561048
2151 1815 15167 2.5561048
2152 1816 15173 2.5561048
2150 1813 15178 2.5561048
2152 1817 15184 2.5561048
2149 1816 15190 2.5561048
2151 1814 15196 2.5561048
2148 1814 15202 2.5561048
2149 1811 15208 2.5561048
2152 1811 15214 2.5561048
2149 1813 15219 2.5561048
2149 1815 15225 2.5561048
2151 1816 15231 2.5561048
2146 1816 15237 2.5561048
2153 1817 15243 2.5561048
2149 1818 15249 2.5561048
2149 1817 15255 2.5561048
2158 1817 15260 2.5561048
2150 1817 15266 2.5561048
2149 1814 15272 2.5561048
2148 1818 15278 2.5561048
2144 1815 15284 2.5561048
2152 1811 15290 2.5561048
2147 1813 15295 2.5561048
2151 1819 15301 2.5561048
2150 1814 15307 2.5561048
2147 1813 15313 2.5561048
2152 1815 15319 2.5561048
2148 1811 15325 2.5561048
2143 1811 15331 2.5561048
2149 1811 15336 2.5561048
2150 1815 15342 2.5561048
2152 1816 15348 2.5561048
2148 1814 15354 2.5561048
2151 1813 15360 2.5561048
2147 1814 15366 2.5561048
2146 1815 15371 2.5561048
2148 1811 15377 2.5561048
2148 1808 15383 2.5561048
2149 1815 15389 2.5561048
2149 1816 15395 2.5561048
2149 1814 15401 2.5561048
2148 1815 15407 2.5561048
2153 1810 15412 2.5561048
2149 1818 15418 2.5561048
2149 1815 15424 2.5561048
2153 1812 15430 2.5561048
2147 1816 15436 2.5561048
2152 1810 15442 2.5561048
2152 1814 15448 2.5561048
2150 1816 15453 2.5561048
2152 1807 15459 2.5561048
2148 1814 15465 2.5561048
2150 1813 15471 2.5561048
2151 1812 15477 2.5561048
2147 1819 15483 2.5561048
2152 1814 15488 2.5561048
2149 1815 15494 2.5561048
2146 1815 15500 2.5561048
2152 1813 15506 2.5561048
2152 1812 15512 2.5561048
2150 1811 15518 2.5561048
2152 1813 15524 2.5561048
2151 1818 15529 2.5561048
2148 1816 15535 2.5561048
2147 1817 15541 2.5561048
2151 1814 15547 2.5561048
2155 1816 15553 2.5561048
2149 1815 15559 2.5561048
2148 1814 15565 2.5561048
2142 1812 15570 2.5561048
2148 1813 15576 2.5561048
2145 1812 15582 2.5561048
2147 1810 15588 2.5561048
2147 1810 15594 2.5561048
2149 1813 15600 2.5561048
2148 1814 15605 2.5561048
2152 1815 15611 2.5561048
2151 1819 15617 2.5561048
2126 1828 16785521 2.5561048
2123 1820 16785541 2.5561048
2122 1821 16785547 2.5561048
2121 1818 16785553 2.5561048
2114 1817 16785558 2.5561048
2115 1818 16785564 2.5561048
2119 1820 16785570 2.5561048
2120 1819 16785576 2.5561048
2119 1821 16785582 2.5561048
2119 1820 16785588 2.5561048
2123 1819 16785594 2.5561048
2121 1817 16785599 2.5561048
2123 1823 16785605 2.5561048
2125 1822 16785611 2.5561048
2125 1821 16785617 2.5561048
2123 1825 16785623 2.5561048
2125 1827 16785629 2.5561048
2126 1821 16785635 2.5561048
2123 1819 16785640 2.5561048
2122 1819 16785646 2.5561048
2124 1823 16785652 2.5561048
2122 1824 16785658 2.5561048
2125 1824 16785664 2.5561048
2126 1822 16785670 2.5561048
2125 1829 16785675 2.5561048
2123 1821 16785681 2.5561048
2125 1824 16785687 2.5561048
2123 1823 16785693 2.5561048
2123 1820 16785699 2.5561048
2127 1822 16785705 2.5561048
2129 1826 16785711 2.5561048
2125 1820 16785716 2.5561048
2127 1830 16785722 2.5561048
2123 1823 16785728 2.5561048
2123 1823 16785734 2.5561048
2125 1824 16785740 2.5561048
2125 1826 16785746 2.5561048
2127 1830 16785752 2.5561048
2124 1829 16785757 2.5561048
2123 1823 16785763 2.5561048
2128 1828 16785769 2.5561048
2125 1824 16785775 2.5561048
2125 1826 16785781 2.5561048
2127 1826 16785787 2.5561048
2119 1817 16785792 2.5561048
2125 1826 16785798 2.5561048
2120 1821 16785804 2.5561048
2119 1821 16785810 2.5561048
2122 1821 16785816 2.5561048
2120 1820 16785822 2.5561048
2121 1818 16785828 2.5561048
2122 1819 16785833 2.5561048
2121 1822 16785839 2.5561048
2126 1821 16785845 2.5561048
2122 1821 16785851 2.5561048
2125 1822 16785857 2.5561048
2126 1821 16785863 2.5561048
2123 1820 16785868 2.5561048
2120 1821 16785874 2.5561048
2122 1820 16785880 2.5561048
2119 1824 16785886 2.5561048
2121 1821 16785892 2.5561048
2124 1823 16785898 2.5561048
2126 1825 16785904 2.5561048
2118 1820 16785909 2.5561048
2120 1823 16785915 2.5561048
2123 1823 16785921 2.5561048
2121 1822 16785927 2.5561048
2124 1820 16785933 2.5561048
2126 1821 16785939 2.5561048
2125 1819 16785945 2.5561048
2127 1825 16785950 2.5561048
2122 1825 16785956 2.5561048
2133 1829 16785962 2.5561048
2128 1823 16785968 2.5561048
2123 1824 16785974 2.5561048
2126 1825 16785980 2.5561048
2126 1821 16785985 2.5561048
2126 1826 16785991 2.5561048
2126 1826 16785999 2.5561048
2121 1822 16786005 2.5561048
2129 1822 16786011 2.5561048
2126 1825 16786016 2.5561048
2127 1829 16786022 2.5561048
2124 1826 16786028 2.5561048
2127 1827 16786034 2.5561048
2127 1825 16786040 2.5561048
2123 1827 16786046 2.5561048
2129 1822 16786051 2.5561048
2122 1820 16786057 2.5561048
2126 1825 16786063 2.5561048
2123 1827 16786069 2.5561048
2122 1822 16786075 2.5561048
2124 1823 16786081 2.5561048
2122 1821 16786087 2.5561048
2123 1820 16786092 2.5561048
2129 1822 16786098 2.5561048
2124 1824 16786104 2.5561048
2124 1828 16786110 2.5561048
2128 1821 16786116 2.5561048
2126 1826 16786122 2.5561048
2128 1823 16786128 2.5561048
2123 1823 16786133 2.5561048
2122 1823 16786139 2.5561048
2125 1824 16786145 2.5561048
2122 1820 16786151 2.5561048
2125 1824 16786157 2.5561048
2125 1822 16786163 2.5561048
2119 1818 16786168 2.5561048
2124 1823 16786174 2.5561048
2130 1822 16786180 2.5561048
2120 1826 16786186 2.5561048
2123 1824 16786192 2.5561048
2124 1820 16786198 2.5561048
2127 1824 16786204 2.5561048
2126 1825 16786209 2.5561048
2129 1822 16786215 2.5561048
2121 1824 16786221 2.5561048
2124 1825 16786227 2.5561048
2126 1824 16786233 2.5561048
2127 1826 16786239 2.5561048
2126 1826 16786245 2.5561048
2124 1827 16786250 2.5561048
2126 1828 16786256 2.5561048
2128 1825 16786262 2.5561048
2126 1823 16786268 2.5561048
2124 1825 16786274 2.5561048
2131 1826 16786280 2.5561048
2120 1818 16786285 2.5561048
2123 1819 16786291 2.5561048
2122 1825 16786297 2.5561048
2121 1823 16786303 2.5561048
2123 1828 16786309 2.5561048
2130 1823 16786315 2.5561048
2122 1824 16786321 2.5561048
2122 1820 16786326 2.5561048
2122 1811 16786332 2.5561048
2122 1821 16786338 2.5561048
2119 1825 16786344 2.5561048
2119 1821 16786350 2.5561048
2123 1823 16786356 2.5561048
2124 1821 16786362 2.5561048
2123 1822 16786367 2.5561048
2124 1821 16786373 2.5561048
2125 1824 16786379 2.5561048
2127 1825 16786385 2.5561048
2126 1819 16786391 2.5561048
2129 1825 16786397 2.5561048
2127 1825 16786402 2.5561048
2123 1825 16786408 2.5561048
2129 1825 16786414 2.5561048
2122 1824 16786420 2.5561048
2128 1830 16786426 2.5561048
2125 1824 16786432 2.5561048
2125 1823 16786438 2.5561048
2127 1827 16786443 2.5561048
2129 1826 16786449 2.5561048
2125 1825 16786455 2.5561048
2129 1825 16786461 2.5561048
2125 1822 16786467 2.5561048
2127 1828 16786473 2.5561048
2124 1822 16786479 2.5561048
2127 1829 16786484 2.5561048
2130 1826 16786490 2.5561048
2126 1830 16786496 2.5561048
2128 1821 16786502 2.5561048
2126 1826 16786508 2.5561048
2127 1823 16786514 2.5561048
2121 1820 16786519 2.5561048
2127 1825 16786525 2.5561048
2125 1825 16786531 2.5561048
2123 1822 16786537 2.5561048
2123 1823 16786543 2.5561048
2121 1819 16786549 2.5561048
2124 1820 16786555 2.5561048
2122 1823 16786560 2.5561048
2121 1821 16786566 2.5561048
2126 1821 16786572 2.5561048
2119 1818 16786578 2.5561048
2119 1821 16786584 2.5561048
2120 1820 16786590 2.5561048
2121 1816 16786596 2.5561048
2123 1823 16786601 2.5561048
2121 1819 16786607 2.5561048
2119 1819 16786613 2.5561048
2119 1823 16786619 2.5561048
2123 1827 16786625 2.5561048
2120 1821 16786631 2.5561048
2124 1823 16786636 2.5561048
2121 1820 16786642 2.5561048
2121 1820 16786648 2.5561048
2120 1821 16786654 2.5561048
2124 1823 16786660 2.5561048
2124 1822 16786666 2.5561048
2124 1819 16786672 2.5561048
2124 1820 16786677 2.5561048
2121 1822 16786683 2.5561048
2124 1823 16786689 2.5561048
2120 1822 16786695 2.5561048
2131 1826 16786701 2.5561048
2130 1830 16786707 2.5561048
2126 1829 16786713 2.5561048
2129 1831 16786718 2.5561048
2125 1827 16786724 2.5561048
2126 1827 16786730 2.5561048
2126 1822 16786736 2.5561048
2124 1825 16786742 2.5561048
2124 1824 16786748 2.5561048
2127 1827 16786753 2.5561048
2123 1825 16786759 2.5561048
2133 1831 16786765 2.5561048
2128 1825 16786771 2.5561048
2128 1828 16786777 2.5561048
2130 1835 16786783 2.5561048
2124 1826 16786789 2.5561048
2126 1825 16786794 2.5561048
2123 1821 16786800 2.5561048
2124 1821 16786806 2.5561048
2123 1822 16786812 2.5561048
2124 1820 16786818 2.5561048
2123 1822 16786824 2.5561048
2128 1825 16786829 2.5561048
2129 1823 16786835 2.5561048
2123 1824 16786841 2.5561048
2130 1829 16786847 2.5561048
2122 1822 16786853 2.5561048
2124 1824 16786859 2.5561048
2122 1820 16786865 2.5561048
2127 1821 16786870 2.5561048
2114 1820 16786876 2.5561048
2127 1823 16786882 2.5561048
2122 1821 16786888 2.5561048
2119 1823 16786894 2.5561048
2126 1822 16786900 2.5561048
2121 1817 16786906 2.5561048
2128 1825 16786911 2.5561048
2125 1820 16786917 2.5561048
2126 1826 16786923 2.5561048
2126 1825 16786929 2.5561048
2129 1829 16786935 2.5561048
2129 1828 16786941 2.5561048
2127 1826 16786946 2.5561048
2120 1823 16786952 2.5561048
2122 1821 16786958 2.5561048
2120 1822 16786964 2.5561048
2125 1811 16786970 2.5561048
2122 1820 16786976 2.5561048
2124 1826 16786982 2.5561048
2126 1826 16786987 2.5561048
2128 1828 16786993 2.5561048
2131 1831 16787001 2.5561048
2128 1826 16787007 2.5561048
2130 1827 16787013 2.5561048
2125 1825 16787018 2.5561048
2125 1824 16787024 2.5561048
2127 1823 16787030 2.5561048
2122 1824 16787036 2.5561048
2124 1822 16787042 2.5561048
2121 1820 16787048 2.5561048
2124 1823 16787054 2.5561048
2119 1827 16787059 2.5561048
2127 1826 16787065 2.5561048
2127 1824 16787071 2.5561048
2133 1828 16787077 2.5561048
2121 1822 16787083 2.5561048
2123 1826 16787089 2.5561048
2122 1820 16787095 2.5561048
2121 1826 16787100 2.5561048
2124 1823 16787106 2.5561048
2127 1827 16787112 2.5561048
2124 1821 16787118 2.5561048
2128 1828 16787124 2.5561048
2126 1822 16787130 2.5561048
2127 1826 16787135 2.5561048
2124 1823 16787141 2.5561048
2122 1821 16787147 2.5561048
2126 1822 16787153 2.5561048
2127 1822 16787159 2.5561048
2130 1825 16787165 2.5561048
2128 1827 16787171 2.5561048
2129 1827 16787176 2.5561048
2129 1827 16787182 2.5561048
2131 1827 16787188 2.5561048
2128 1827 16787194 2.5561048
2126 1825 16787200 2.5561048
2124 1825 16787206 2.5561048
2128 1825 16787212 2.5561048
2125 1825 16787217 2.5561048
2122 1823 16787223 2.5561048
2125 1822 16787229 2.5561048
2129 1823 16787235 2.5561048
2130 1825 16787241 2.5561048
2130 1827 16787247 2.5561048
2127 1827 16787252 2.5561048
2128 1830 16787258 2.5561048
2127 1825 16787264 2.5561048
2128 1828 16787270 2.5561048
2123 1820 16787276 2.5561048
2122 1825 16787282 2.5561048
2125 1821 16787288 2.5561048
2124 1826 16787293 2.5561048
2126 1828 16787299 2.5561048
2128 1827 16787305 2.5561048
2128 1828 16787311 2.5561048
2125 1825 16787317 2.5561048
2120 1822 16787323 2.5561048
2122 1822 16787329 2.5561048
2122 1823 16787334 2.5561048
2121 1822 16787340 2.5561048
2118 1823 16787346 2.5561048
2122 1821 16787352 2.5561048
2124 1825 16787358 2.5561048
2125 1825 16787364 2.5561048
2124 1824 16787369 2.5561048
2126 1823 16787375 2.5561048
2124 1821 16787381 2.5561048
2130 1829 16787387 2.5561048
2126 1822 16787393 2.5561048
2122 1824 16787399 2.5561048
2125 1823 16787405 2.5561048
2122 1820 16787410 2.5561048
2123 1819 16787416 2.5561048
2123 1823 16787422 2.5561048
2124 1820 16787428 2.5561048
2126 1830 16787434 2.5561048
2123 1829 16787440 2.5561048
2131 1828 16787446 2.5561048
2131 1826 16787451 2.5561048
2127 1827 16787457 2.5561048
2126 1825 16787463 2.5561048
2123 1826 16787469 2.5561048
2123 1822 16787475 2.5561048
2126 1824 16787481 2.5561048
2128 1823 16787486 2.5561048
2129 1822 16787492 2.5561048
2130 1830 16787498 2.5561048
2128 1830 16787504 2.5561048
2131 1829 16787510 2.5561048
2129 1825 16787516 2.5561048
2124 1823 16787522 2.5561048
2129 1825 16787527 2.5561048
2126 1823 16787533 2.5561048
2126 1824 16787539 2.5561048
2122 1820 16787545 2.5561048
2123 1824 16787551 2.5561048
2127 1826 16787557 2.5561048
2132 1823 16787563 2.5561048
2124 1826 16787568 2.5561048
2128 1822 16787574 2.5561048
2121 1820 16787580 2.5561048
2129 1825 16787586 2.5561048
2121 1823 16787592 2.5561048
2127 1828 16787598 2.5561048
2127 1821 16787603 2.5561048
2125 1823 16787609 2.5561048
2130 1830 16787615 2.5561048
2128 1824 16787621 2.5561048
2126 1821 16787627 2.5561048
2129 1829 16787633 2.5561048
2126 1826 16787639 2.5561048
2126 1825 16787644 2.5561048
2127 1822 16787650 2.5561048
2125 1820 16787656 2.5561048
2125 1826 16787662 2.5561048
2125 1821 16787668 2.5561048
2127 1829 16787674 2.5561048
2129 1827 16787680 2.5561048
2129 1827 16787685 2.5561048
2130 1827 16787691 2.5561048
2130 1828 16787697 2.5561048
2122 1828 16787703 2.5561048
2126 1829 16787709 2.5561048
2128 1827 16787715 2.5561048
2131 1825 16787720 2.5561048
2129 1824 16787726 2.5561048
2128 1828 16787732 2.5561048
2131 1830 16787738 2.5561048
2132 1826 16787744 2.5561048
2128 1828 16787750 2.5561048
2130 1823 16787756 2.5561048
2129 1826 16787761 2.5561048
2124 1820 16787767 2.5561048
2125 1820 16787773 2.5561048
2129 1831 16787779 2.5561048
2127 1823 16787785 2.5561048
2127 1826 16787791 2.5561048
2129 1825 16787796 2.5561048
2127 1823 16787802 2.5561048
2124 1826 16787808 2.5561048
2124 1825 16787814 2.5561048
2126 1828 16787820 2.5561048
2129 1828 16787826 2.5561048
2119 1825 16787832 2.5561048
2125 1822 16787837 2.5561048
2120 1824 16787843 2.5561048
2121 1825 16787849 2.5561048
2125 1826 16787855 2.5561048
2126 1823 16787861 2.5561048
2127 1826 16787867 2.5561048
2130 1828 16787873 2.5561048
2120 1824 16787878 2.5561048
2129 1829 16787884 2.5561048
2130 1827 16787890 2.5561048
2126 1826 16787896 2.5561048
2129 1824 16787902 2.5561048
2125 1817 16787908 2.5561048
2127 1824 16787913 2.5561048
2127 1827 16787919 2.5561048
2132 1831 16787925 2.5561048
2128 1831 16787931 2.5561048
2128 1826 16787937 2.5561048
2128 1829 16787943 2.5561048
2127 1826 16787949 2.5561048
2131 1828 16787954 2.5561048
2125 1829 16787960 2.5561048
2131 1828 16787966 2.5561048
2128 1828 16787972 2.5561048
2130 1830 16787978 2.5561048
2130 1829 16787984 2.5561048
2128 1827 16787990 2.5561048
2127 1827 16787995 2.5561048
2128 1828 16788002 2.5561048
2126 1820 16788008 2.5561048
2126 1825 16788014 2.5561048
2126 1822 16788020 2.5561048
2124 1822 16788026 2.5561048
2127 1827 16788032 2.5561048
2124 1828 16788037 2.5561048
2126 1825 16788043 2.5561048
2124 1821 16788049 2.5561048
2126 1818 16788055 2.5561048
2127 1825 16788061 2.5561048
2122 1819 16788067 2.5561048
2125 1822 16788073 2.5561048
2122 1825 16788078 2.5561048
2127 1827 16788084 2.5561048
2128 1823 16788090 2.5561048
2128 1823 16788096 2.5561048
2125 1825 16788102 2.5561048
2121 1823 16788108 2.5561048
2122 1821 16788113 2.5561048
2127 1820 16788119 2.5561048
2126 1828 16788125 2.5561048
2132 1830 16788131 2.5561048
2128 1829 16788137 2.5561048
2125 1824 16788143 2.5561048
2128 1826 16788149 2.5561048
2131 1828 16788154 2.5561048
2126 1827 16788160 2.5561048
2128 1824 16788166 2.5561048
2127 1822 16788172 2.5561048
2128 1827 16788178 2.5561048
2129 1829 16788184 2.5561048
2124 1824 16788190 2.5561048
2125 1827 16788195 2.5561048
2127 1832 16788201 2.5561048
2128 1831 16788207 2.5561048
2128 1827 16788213 2.5561048
2125 1827 16788219 2.5561048
2127 1828 16788225 2.5561048
2128 1830 16788230 2.5561048
2131 1827 16788236 2.5561048
2129 1827 16788242 2.5561048
2128 1825 16788248 2.5561048
2128 1824 16788254 2.5561048
2130 1833 16788260 2.5561048
2128 1823 16788266 2.5561048
2122 1824 16788271 2.5561048
2125 1827 16788277 2.5561048
2129 1828 16788283 2.5561048
2124 1824 16788289 2.5561048
2122 1823 16788295 2.5561048
2123 1825 16788301 2.5561048
2124 1826 16788307 2.5561048
2124 1824 16788312 2.5561048
2123 1820 16788318 2.5561048
2125 1824 16788324 2.5561048
2123 1820 16788330 2.5561048
2129 1825 16788336 2.5561048
2125 1824 16788342 2.5561048
2123 1823 16788347 2.5561048
2132 1826 16788353 2.5561048
2128 1827 16788359 2.5561048
2129 1826 16788365 2.5561048
2126 1827 16788371 2.5561048
2130 1824 16788377 2.5561048
2124 1817 16788383 2.5561048
2121 1823 16788388 2.5561048
2129 1829 16788394 2.5561048
2131 1824 16788400 2.5561048
2128 1823 16788406 2.5561048
2134 1830 16788412 2.5561048
2134 1833 16788418 2.5561048
2129 1833 16788424 2.5561048
2129 1829 16788429 2.5561048
2125 1827 16788435 2.5561048
2127 1827 16788441 2.5561048
2132 1826 16788447 2.5561048
2128 1829 16788453 2.5561048
2127 1832 16788459 2.5561048
2129 1828 16788464 2.5561048
2131 1831 16788470 2.5561048
2133 1830 16788476 2.5561048
2131 1829 16788482 2.5561048
2137 1829 16788488 2.5561048
2124 1824 16788494 2.5561048
2129 1829 16788500 2.5561048
2122 1822 16788505 2.5561048
2126 1829 16788511 2.5561048
2127 1824 16788517 2.5561048
2128 1829 16788523 2.5561048
2134 1830 16788529 2.5561048
2131 1834 16788535 2.5561048
2128 1830 16788541 2.5561048
2128 1825 16788546 2.5561048
2122 1827 16788552 2.5561048
2129 1827 16788558 2.5561048
2128 1825 16788564 2.5561048
2132 1825 16788570 2.5561048
2129 1828 16788576 2.5561048
2128 1826 16788581 2.5561048
2130 1825 16788587 2.5561048
2128 1826 16788593 2.5561048
2130 1824 16788599 2.5561048
2129 1826 16788605 2.5561048
2129 1827 16788611 2.5561048
2126 1828 16788617 2.5561048
2125 1828 16788622 2.5561048
2125 1826 16788628 2.5561048
2134 1833 16788634 2.5561048
2136 1829 16788640 2.5561048
2130 1829 16788646 2.5561048
2129 1830 16788652 2.5561048
2128 1829 16788658 2.5561048
2130 1830 16788663 2.5561048
2130 1824 16788669 2.5561048
2129 1827 16788675 2.5561048
2127 1826 16788681 2.5561048
2129 1829 16788687 2.5561048
2126 1826 16788693 2.5561048
2129 1830 16788698 2.5561048
2129 1827 16788704 2.5561048
2131 1827 16788710 2.5561048
2123 1828 16788716 2.5561048
2133 1828 16788722 2.5561048
2128 1826 16788728 2.5561048
2129 1828 16788734 2.5561048
2133 1831 16788739 2.5561048
2129 1827 16788745 2.5561048
2131 1829 16788751 2.5561048
2131 1831 16788757 2.5561048
2128 1831 16788763 2.5561048
2128 1825 16788769 2.5561048
2130 1830 16788774 2.5561048
2130 1829 16788780 2.5561048
2128 1825 16788786 2.5561048
2128 1828 16788792 2.5561048
2128 1827 16788798 2.5561048
2127 1822 16788804 2.5561048
2126 1823 16788810 2.5561048
2128 1829 16788815 2.5561048
2126 1821 16788821 2.5561048
2124 1825 16788827 2.5561048
2129 1823 16788833 2.5561048
2126 1824 16788839 2.5561048
2133 1828 16788845 2.5561048
2127 1829 16788851 2.5561048
2128 1825 16788856 2.5561048
2133 1829 16788862 2.5561048
2132 1829 16788868 2.5561048
2129 1824 16788874 2.5561048
2127 1826 16788880 2.5561048
2122 1824 16788886 2.5561048
2127 1828 16788891 2.5561048
2128 1823 16788897 2.5561048
2126 1826 16788903 2.5561048
2123 1825 16788909 2.5561048
2124 1828 16788915 2.5561048
2132 1832 16788921 2.5561048
2129 1830 16788927 2.5561048
2128 1830 16788932 2.5561048
2125 1825 16788938 2.5561048
2125 1828 16788944 2.5561048
2133 1825 16788950 2.5561048
2128 1830 16788956 2.5561048
2128 1823 16788962 2.5561048
2128 1830 16788968 2.5561048
2129 1829 16788973 2.5561048
2127 1828 16788979 2.5561048
2131 1831 16788985 2.5561048
2130 1829 16788991 2.5561048
2131 1832 16788997 2.5561048
2126 1828 16789004 2.5561048
2132 1827 16789010 2.5561048
2129 1828 16789015 2.5561048
2127 1829 16789021 2.5561048
2130 1830 16789027 2.5561048
2134 1832 16789033 2.5561048
2130 1828 16789039 2.5561048
2128 1826 16789045 2.5561048
2131 1824 16789051 2.5561048
2125 1825 16789056 2.5561048
2129 1824 16789062 2.5561048
2130 1828 16789068 2.5561048
2124 1826 16789074 2.5561048
2131 1829 16789080 2.5561048
2126 1822 16789086 2.5561048
2128 1827 16789091 2.5561048
2128 1828 16789097 2.5561048
2130 1826 16789103 2.5561048
2128 1825 16789109 2.5561048
2125 1824 16789115 2.5561048
2123 1824 16789121 2.5561048
2127 1828 16789127 2.5561048
2126 1824 16789132 2.5561048
2129 1833 16789138 2.5561048
2129 1830 16789144 2.5561048
2131 1829 16789150 2.5561048
2128 1824 16789156 2.5561048
2123 1827 16789162 2.5561048
2130 1827 16789168 2.5561048
2130 1829 16789173 2.5561048
2131 1829 16789179 2.5561048
2130 1830 16789185 2.5561048
2132 1827 16789191 2.5561048
2127 1826 16789197 2.5561048
2137 1835 16789203 2.5561048
2131 1835 16789208 2.5561048
2129 1827 16789214 2.5561048
2129 1829 16789220 2.5561048
2127 1829 16789226 2.5561048
2131 1831 16789232 2.5561048
2134 1832 16789238 2.5561048
2126 1828 16789244 2.5561048
2135 1828 16789249 2.5561048
2132 1833 16789255 2.5561048
2132 1831 16789261 2.5561048
2130 1832 16789267 2.5561048
2129 1829 16789273 2.5561048
2131 1829 16789279 2.5561048
2130 1827 16789285 2.5561048
2130 1831 16789290 2.5561048
2130 1827 16789296 2.5561048
2137 1825 16789302 2.5561048
2130 1834 16789308 2.5561048
2130 1828 16789314 2.5561048
2131 1832 16789320 2.5561048
2128 1828 16789325 2.5561048
2135 1831 16789331 2.5561048
2133 1829 16789337 2.5561048
2129 1828 16789343 2.5561048
2126 1826 16789349 2.5561048
2127 1827 16789355 2.5561048
2132 1825 16789361 2.5561048
2131 1832 16789366 2.5561048
2126 1827 16789372 2.5561048
2128 1829 16789378 2.5561048
2129 1830 16789384 2.5561048
2132 1832 16789390 2.5561048
2130 1828 16789396 2.5561048
2129 1829 16789402 2.5561048
2125 1825 16789407 2.5561048
2131 1826 16789413 2.5561048
2129 1832 16789419 2.5561048
