2127 1828 17918932 2.5561096
2128 1829 17918938 2.5561096
2130 1826 17918944 2.5561096
2133 1831 17918950 2.5561096
2126 1824 17918956 2.5561096
2127 1826 17918961 2.5561096
2130 1828 17918967 2.5561096
2130 1830 17918973 2.5561096
2131 1828 17918979 2.5561096
2129 1832 17918985 2.5561096
2132 1830 17918991 2.5561096
2130 1832 17918996 2.5561096
2132 1830 17919003 2.5561096
2128 1831 17919009 2.5561096
2133 1829 17919015 2.5561096
2132 1827 17919021 2.5561096
2131 1830 17919027 2.5561096
2132 1835 17919032 2.5561096
2131 1830 17919038 2.5561096
2136 1834 17919044 2.5561096
2129 1830 17919050 2.5561096
2131 1830 17919056 2.5561096
2129 1832 17919062 2.5561096
2127 1828 17919068 2.5561096
2131 1829 17919073 2.5561096
2131 1827 17919079 2.5561096
2129 1832 17919085 2.5561096
2131 1830 17919091 2.5561096
2128 1828 17919097 2.5561096
2132 1827 17919103 2.5561096
2133 1826 17919108 2.5561096
2128 1827 17919114 2.5561096
2133 1831 17919120 2.5561096
2129 1827 17919126 2.5561096
2131 1830 17919132 2.5561096
2133 1831 17919138 2.5561096
2127 1826 17919143 2.5561096
2129 1825 17919149 2.5561096
2128 1823 17919155 2.5561096
2129 1824 17919161 2.5561096
2129 1824 17919167 2.5561096
2127 1826 17919173 2.5561096
2128 1830 17919178 2.5561096
2126 1827 17919184 2.5561096
2122 1829 17919190 2.5561096
2129 1828 17919196 2.5561096
2132 1828 17919202 2.5561096
2126 1833 17919208 2.5561096
2127 1828 17919213 2.5561096
2131 1826 17919219 2.5561096
2129 1833 17919225 2.5561096
2124 1827 17919231 2.5561096
2129 1823 17919237 2.5561096
2130 1830 17919243 2.5561096
2127 1824 17919248 2.5561096
2128 1816 17919254 2.5561096
2126 1827 17919260 2.5561096
2131 1829 17919266 2.5561096
2127 1827 17919272 2.5561096
2128 1828 17919278 2.5561096
2126 1829 17919284 2.5561096
2125 1828 17919289 2.5561096
2132 1832 17919295 2.5561096
2129 1822 17919301 2.5561096
2132 1828 17919307 2.5561096
2127 1834 17919313 2.5561096
2130 1834 17919319 2.5561096
2133 1834 17919324 2.5561096
2135 1834 17919330 2.5561096
2133 1835 17919336 2.5561096
2133 1829 17919342 2.5561096
2132 1829 17919348 2.5561096
2130 1830 17919354 2.5561096
2129 1829 17919359 2.5561096
2130 1831 17919365 2.5561096
2135 1834 17919371 2.5561096
2133 1828 17919377 2.5561096
2134 1831 17919383 2.5561096
2127 1829 17919389 2.5561096
2131 1832 17919394 2.5561096
2131 1833 17919400 2.5561096
2133 1834 17919406 2.5561096
2126 1830 17919412 2.5561096
2128 1825 17919418 2.5561096
2130 1834 17919424 2.5561096
2126 1830 17919429 2.5561096
2130 1831 17919435 2.5561096
2126 1826 17919441 2.5561096
2128 1830 17919447 2.5561096
2125 1826 17919453 2.5561096
2122 1828 17919459 2.5561096
2131 1829 17919464 2.5561096
2128 1826 17919470 2.5561096
2132 1831 17919476 2.5561096
2128 1827 17919482 2.5561096
2127 1828 17919488 2.5561096
2133 1831 17919494 2.5561096
2130 1829 17919499 2.5561096
2131 1831 17919505 2.5561096
2132 1827 17919511 2.5561096
2127 1830 17919517 2.5561096
2129 1829 17919523 2.5561096
2126 1830 17919529 2.5561096
2131 1826 17919535 2.5561096
2132 1830 17919540 2.5561096
2130 1826 17919546 2.5561096
2131 1829 17919552 2.5561096
2129 1829 17919558 2.5561096
2129 1830 17919564 2.5561096
2135 1825 17919570 2.5561096
2131 1831 17919575 2.5561096
2127 1832 17919581 2.5561096
2132 1832 17919587 2.5561096
2131 1833 17919593 2.5561096
2133 1827 17919599 2.5561096
2132 1833 17919605 2.5561096
2132 1839 17919610 2.5561096
2132 1831 17919616 2.5561096
2130 1828 17919622 2.5561096
2132 1829 17919628 2.5561096
2131 1828 17919634 2.5561096
2129 1828 17919640 2.5561096
2126 1826 17919645 2.5561096
2131 1832 17919651 2.5561096
2128 1833 17919657 2.5561096
2131 1830 17919663 2.5561096
2131 1827 17919669 2.5561096
2130 1833 17919675 2.5561096
2129 1826 17919680 2.5561096
2125 1824 17919686 2.5561096
2128 1826 17919692 2.5561096
2126 1824 17919698 2.5561096
2129 1826 17919704 2.5561096
2126 1825 17919710 2.5561096
2126 1826 17919715 2.5561096
2126 1827 17919721 2.5561096
2126 1827 17919727 2.5561096
2128 1827 17919733 2.5561096
2127 1823 17919739 2.5561096
2124 1826 17919745 2.5561096
2131 1830 17919751 2.5561096
2128 1827 17919756 2.5561096
2127 1825 17919762 2.5561096
2129 1823 17919768 2.5561096
2127 1824 17919774 2.5561096
2129 1828 17919780 2.5561096
2124 1823 17919786 2.5561096
2130 1824 17919791 2.5561096
2125 1830 17919797 2.5561096
2131 1832 17919803 2.5561096
2124 1824 17919809 2.5561096
2131 1825 17919815 2.5561096
2128 1828 17919821 2.5561096
2132 1830 17919826 2.5561096
2128 1833 17919832 2.5561096
2134 1830 17919838 2.5561096
2127 1831 17919844 2.5561096
2130 1832 17919850 2.5561096
2134 1827 17919856 2.5561096
2129 1834 17919861 2.5561096
2128 1833 17919867 2.5561096
2132 1832 17919873 2.5561096
2128 1828 17919879 2.5561096
2131 1829 17919885 2.5561096
2127 1830 17919891 2.5561096
2130 1830 17919896 2.5561096
2129 1827 17919902 2.5561096
2130 1828 17919908 2.5561096
2132 1830 17919914 2.5561096
2128 1826 17919920 2.5561096
2128 1826 17919926 2.5561096
2127 1823 17919931 2.5561096
2123 1826 17919937 2.5561096
2127 1820 17919943 2.5561096
2128 1825 17919949 2.5561096
2123 1830 17919955 2.5561096
2127 1830 17919961 2.5561096
2130 1829 17919967 2.5561096
2131 1832 17919972 2.5561096
2132 1829 17919978 2.5561096
2129 1830 17919984 2.5561096
2128 1824 17919990 2.5561096
2130 1826 17919996 2.5561096
2130 1827 17920003 2.5561096
2129 1826 17920009 2.5561096
2125 1829 17920014 2.5561096
2130 1824 17920020 2.5561096
2125 1825 17920026 2.5561096
2127 1826 17920032 2.5561096
2131 1829 17920038 2.5561096
2129 1828 17920044 2.5561096
2129 1821 17920049 2.5561096
2128 1826 17920055 2.5561096
2126 1821 17920061 2.5561096
2119 1824 17920067 2.5561096
2119 1826 17920073 2.5561096
2127 1829 17920079 2.5561096
2132 1826 17920084 2.5561096
2130 1828 17920090 2.5561096
2129 1826 17920096 2.5561096
2136 1835 17920102 2.5561096
2136 1831 17920108 2.5561096
2132 1829 17920114 2.5561096
2127 1829 17920119 2.5561096
2131 1825 17920125 2.5561096
2126 1825 17920131 2.5561096
2128 1823 17920137 2.5561096
2128 1823 17920143 2.5561096
2125 1829 17920149 2.5561096
2127 1832 17920154 2.5561096
2132 1827 17920160 2.5561096
2130 1830 17920166 2.5561096
2132 1832 17920172 2.5561096
2134 1827 17920178 2.5561096
2128 1831 17920184 2.5561096
2127 1828 17920189 2.5561096
2122 1819 17920195 2.5561096
2130 1824 17920201 2.5561096
2126 1825 17920207 2.5561096
2126 1828 17920213 2.5561096
2128 1832 17920219 2.5561096
2131 1833 17920225 2.5561096
2130 1831 17920230 2.5561096
2132 1831 17920236 2.5561096
2128 1829 17920242 2.5561096
2124 1824 17920248 2.5561096
2123 1826 17920254 2.5561096
2129 1824 17920260 2.5561096
2124 1824 17920265 2.5561096
2128 1830 17920271 2.5561096
2129 1827 17920277 2.5561096
2128 1829 17920283 2.5561096
2135 1830 17920289 2.5561096
2129 1825 17920295 2.5561096
2126 1832 17920300 2.5561096
2130 1828 17920306 2.5561096
2127 1821 17920312 2.5561096
2126 1829 17920318 2.5561096
2126 1824 17920324 2.5561096
2127 1826 17920330 2.5561096
2125 1826 17920335 2.5561096
2133 1831 17920341 2.5561096
2131 1831 17920347 2.5561096
2132 1832 17920353 2.5561096
2129 1827 17920359 2.5561096
2124 1829 17920365 2.5561096
2124 1826 17920370 2.5561096
2127 1824 17920376 2.5561096
2125 1824 17920382 2.5561096
2125 1829 17920388 2.5561096
2125 1825 17920394 2.5561096
2129 1828 17920400 2.5561096
2127 1824 17920405 2.5561096
2128 1828 17920411 2.5561096
2122 1824 17920417 2.5561096
2125 1825 17920423 2.5561096
2126 1821 17920429 2.5561096
2132 1830 17920435 2.5561096
2130 1823 17920441 2.5561096
2126 1827 17920446 2.5561096
2125 1822 17920452 2.5561096
2128 1825 17920458 2.5561096
2129 1827 17920464 2.5561096
2132 1827 17920470 2.5561096
2129 1826 17920476 2.5561096
2129 1829 17920481 2.5561096
2129 1828 17920487 2.5561096
2127 1832 17920493 2.5561096
2132 1833 17920499 2.5561096
2131 1832 17920505 2.5561096
2130 1831 17920511 2.5561096
2131 1834 17920516 2.5561096
2122 1823 17920522 2.5561096
2125 1827 17920528 2.5561096
2120 1821 17920534 2.5561096
2124 1819 17920540 2.5561096
2123 1823 17920546 2.5561096
2122 1829 17920551 2.5561096
2132 1830 17920557 2.5561096
2126 1831 17920563 2.5561096
2134 1831 17920569 2.5561096
2129 1831 17920575 2.5561096
2128 1835 17920581 2.5561096
2128 1826 17920586 2.5561096
2126 1828 17920592 2.5561096
2121 1825 17920598 2.5561096
2124 1824 17920604 2.5561096
2124 1825 17920610 2.5561096
2125 1824 17920616 2.5561096
2127 1821 17920621 2.5561096
2125 1835 17920627 2.5561096
2132 1827 17920633 2.5561096
2128 1830 17920639 2.5561096
2128 1827 17920645 2.5561096
2126 1823 17920651 2.5561096
2124 1823 17920656 2.5561096
2121 1821 17920662 2.5561096
2119 1819 17920668 2.5561096
2118 1820 17920674 2.5561096
2126 1819 17920680 2.5561096
2127 1823 17920686 2.5561096
2130 1829 17920692 2.5561096
2128 1831 17920697 2.5561096
2128 1830 17920703 2.5561096
2125 1826 17920709 2.5561096
2125 1828 17920715 2.5561096
2127 1827 17920721 2.5561096
2134 1833 17920727 2.5561096
2122 1822 17920732 2.5561096
2126 1828 17920738 2.5561096
2134 1828 17920744 2.5561096
2127 1828 17920750 2.5561096
2130 1831 17920756 2.5561096
2128 1825 17920762 2.5561096
2126 1820 17920767 2.5561096
2125 1828 17920773 2.5561096
2125 1825 17920779 2.5561096
2124 1823 17920785 2.5561096
2124 1826 17920791 2.5561096
2127 1824 17920797 2.5561096
2127 1826 17920802 2.5561096
2129 1829 17920808 2.5561096
2131 1827 17920814 2.5561096
2125 1825 17920820 2.5561096
2128 1824 17920826 2.5561096
2122 1826 17920832 2.5561096
2115 1823 17920837 2.5561096
2122 1825 17920843 2.5561096
2124 1821 17920849 2.5561096
2130 1827 17920855 2.5561096
2127 1829 17920861 2.5561096
2135 1835 17920867 2.5561096
2126 1827 17920873 2.5561096
2127 1823 17920878 2.5561096
2124 1822 17920884 2.5561096
2123 1817 17920890 2.5561096
2122 1827 17920896 2.5561096
2127 1828 17920902 2.5561096
2123 1819 17920908 2.5561096
2128 1825 17920913 2.5561096
2125 1820 17920919 2.5561096
2127 1829 17920925 2.5561096
2129 1828 17920931 2.5561096
2122 1825 17920937 2.5561096
2126 1826 17920943 2.5561096
2127 1823 17920948 2.5561096
2119 1825 17920954 2.5561096
2126 1823 17920960 2.5561096
2127 1820 17920966 2.5561096
2125 1828 17920972 2.5561096
2125 1824 17920978 2.5561096
2130 1824 17920983 2.5561096
2129 1818 17920989 2.5561096
2125 1823 17920995 2.5561096
2126 1825 17921002 2.5561096
2121 1828 17921008 2.5561096
2124 1825 17921014 2.5561096
2127 1821 17921020 2.5561096
2123 1820 17921025 2.5561096
2124 1826 17921031 2.5561096
2130 1831 17921037 2.5561096
2129 1833 17921043 2.5561096
2126 1826 17921049 2.5561096
2129 1826 17921055 2.5561096
2129 1823 17921060 2.5561096
2124 1824 17921066 2.5561096
2125 1825 17921072 2.5561096
2125 1823 17921078 2.5561096
2130 1825 17921084 2.5561096
2128 1827 17921090 2.5561096
2123 1824 17921095 2.5561096
2126 1824 17921101 2.5561096
2126 1819 17921107 2.5561096
2127 1825 17921113 2.5561096
2122 1827 17921119 2.5561096
2124 1822 17921125 2.5561096
2127 1825 17921131 2.5561096
2122 1825 17921136 2.5561096
2125 1824 17921142 2.5561096
2128 1824 17921148 2.5561096
2127 1819 17921154 2.5561096
2126 1823 17921160 2.5561096
2124 1823 17921166 2.5561096
2122 1825 17921171 2.5561096
2127 1821 17921177 2.5561096
2126 1824 17921183 2.5561096
2124 1825 17921189 2.5561096
2123 1822 17921195 2.5561096
2126 1822 17921201 2.5561096
2126 1823 17921206 2.5561096
2127 1820 17921212 2.5561096
2124 1821 17921218 2.5561096
2126 1824 17921224 2.5561096
2127 1824 17921230 2.5561096
2122 1824 17921236 2.5561096
2122 1822 17921241 2.5561096
2125 1824 17921247 2.5561096
2124 1823 17921253 2.5561096
2129 1824 17921259 2.5561096
2117 1821 17921265 2.5561096
2122 1822 17921271 2.5561096
2125 1820 17921276 2.5561096
2125 1828 17921282 2.5561096
2126 1829 17921288 2.5561096
2127 1826 17921294 2.5561096
2129 1825 17921300 2.5561096
2126 1823 17921306 2.5561096
2124 1824 17921311 2.5561096
2122 1826 17921317 2.5561096
2122 1823 17921323 2.5561096
2122 1823 17921329 2.5561096
2124 1822 17921335 2.5561096
2122 1824 17921341 2.5561096
2126 1827 17921346 2.5561096
2126 1828 17921352 2.5561096
2132 1827 17921358 2.5561096
2128 1830 17921364 2.5561096
2128 1823 17921370 2.5561096
2126 1826 17921376 2.5561096
2124 1824 17921382 2.5561096
2126 1826 17921387 2.5561096
2124 1824 17921393 2.5561096
2126 1828 17921399 2.5561096
2125 1823 17921405 2.5561096
2123 1822 17921411 2.5561096
2125 1821 17921417 2.5561096
2125 1820 17921422 2.5561096
2119 1822 17921428 2.5561096
2121 1826 17921434 2.5561096
2126 1825 17921440 2.5561096
2124 1826 17921446 2.5561096
2123 1824 17921452 2.5561096
2124 1823 17921457 2.5561096
2123 1827 17921463 2.5561096
2128 1824 17921469 2.5561096
2126 1827 17921475 2.5561096
2126 1828 17921481 2.5561096
2124 1826 17921487 2.5561096
2130 1832 17921492 2.5561096
2122 1820 17921498 2.5561096
2124 1825 17921504 2.5561096
2126 1824 17921510 2.5561096
2126 1826 17921516 2.5561096
2126 1826 17921522 2.5561096
2125 1824 17921527 2.5561096
2124 1821 17921533 2.5561096
2128 1823 17921539 2.5561096
2130 1825 17921545 2.5561096
2127 1829 17921551 2.5561096
2124 1830 17921557 2.5561096
2127 1831 17921562 2.5561096
2125 1826 17921568 2.5561096
2128 1824 17921574 2.5561096
2127 1829 17921580 2.5561096
2130 1829 17921586 2.5561096
2126 1828 17921592 2.5561096
2124 1823 17921598 2.5561096
2128 1828 17921603 2.5561096
2126 1827 17921609 2.5561096
2131 1831 17921615 2.5561096
2127 1823 17921621 2.5561096
2124 1826 17921627 2.5561096
2124 1822 17921633 2.5561096
2130 1830 17921638 2.5561096
2125 1825 17921644 2.5561096
2125 1824 17921650 2.5561096
2121 1827 17921656 2.5561096
2127 1826 17921662 2.5561096
2124 1823 17921668 2.5561096
2125 1820 17921673 2.5561096
2121 1823 17921679 2.5561096
2123 1823 17921685 2.5561096
2132 1827 17921691 2.5561096
2126 1828 17921697 2.5561096
2126 1827 17921703 2.5561096
2126 1823 17921708 2.5561096
2127 1831 17921714 2.5561096
2127 1828 17921720 2.5561096
2127 1824 17921726 2.5561096
2127 1827 17921732 2.5561096
2123 1825 17921738 2.5561096
2124 1824 17921743 2.5561096
2127 1827 17921749 2.5561096
2130 1826 17921755 2.5561096
2127 1823 17921761 2.5561096
2117 1827 17921767 2.5561096
2125 1828 17921773 2.5561096
2126 1830 17921778 2.5561096
2125 1827 17921784 2.5561096
2126 1829 17921790 2.5561096
2125 1829 17921796 2.5561096
2129 1827 17921802 2.5561096
2125 1825 17921808 2.5561096
2127 1825 17921813 2.5561096
2128 1830 17921819 2.5561096
2131 1829 17921825 2.5561096
2127 1826 17921831 2.5561096
2133 1826 17921837 2.5561096
2128 1831 17921843 2.5561096
2134 1833 17921849 2.5561096
2131 1829 17921854 2.5561096
2131 1827 17921860 2.5561096
2129 1831 17921866 2.5561096
2131 1828 17921872 2.5561096
2131 1828 17921878 2.5561096
2125 1823 17921884 2.5561096
2128 1828 17921889 2.5561096
2123 1819 17921895 2.5561096
2125 1828 17921901 2.5561096
2127 1822 17921907 2.5561096
2130 1830 17921913 2.5561096
2125 1823 17921919 2.5561096
2126 1827 17921924 2.5561096
2126 1826 17921930 2.5561096
2126 1824 17921936 2.5561096
2124 1820 17921942 2.5561096
2128 1823 17921948 2.5561096
2124 1827 17921954 2.5561096
2125 1823 17921959 2.5561096
2129 1828 17921965 2.5561096
2130 1823 17921971 2.5561096
2127 1828 17921977 2.5561096
2124 1825 17921983 2.5561096
2126 1828 17921989 2.5561096
2128 1825 17921994 2.5561096
2126 1828 17922001 2.5561096
2129 1825 17922007 2.5561096
2126 1826 17922013 2.5561096
2128 1827 17922019 2.5561096
2127 1830 17922025 2.5561096
2127 1826 17922031 2.5561096
2125 1826 17922036 2.5561096
2128 1834 17922042 2.5561096
2127 1828 17922048 2.5561096
2126 1820 17922054 2.5561096
2128 1828 17922060 2.5561096
2131 1827 17922066 2.5561096
2133 1831 17922071 2.5561096
2128 1825 17922077 2.5561096
2128 1833 17922083 2.5561096
2127 1825 17922089 2.5561096
2127 1827 17922095 2.5561096
2128 1829 17922101 2.5561096
2127 1825 17922106 2.5561096
2127 1827 17922112 2.5561096
2130 1829 17922118 2.5561096
2130 1826 17922124 2.5561096
2131 1830 17922130 2.5561096
2127 1826 17922136 2.5561096
2131 1825 17922141 2.5561096
2129 1831 17922147 2.5561096
2126 1827 17922153 2.5561096
2126 1827 17922159 2.5561096
2121 1820 17922165 2.5561096
2119 1823 17922171 2.5561096
2126 1819 17922177 2.5561096
2123 1825 17922182 2.5561096
2129 1826 17922188 2.5561096
2128 1832 17922194 2.5561096
2125 1826 17922200 2.5561096
2127 1827 17922206 2.5561096
2125 1822 17922212 2.5561096
2126 1829 17922217 2.5561096
2125 1824 17922223 2.5561096
2124 1827 17922229 2.5561096
2127 1821 17922235 2.5561096
2125 1827 17922241 2.5561096
2123 1829 17922247 2.5561096
2128 1825 17922252 2.5561096
2131 1829 17922258 2.5561096
2127 1827 17922264 2.5561096
2131 1827 17922270 2.5561096
2124 1827 17922276 2.5561096
2129 1830 17922282 2.5561096
2130 1825 17922287 2.5561096
2132 1830 17922293 2.5561096
2126 1828 17922299 2.5561096
2126 1828 17922305 2.5561096
2128 1831 17922311 2.5561096
2129 1826 17922317 2.5561096
2129 1826 17922322 2.5561096
2128 1830 17922328 2.5561096
2129 1829 17922334 2.5561096
2128 1826 17922340 2.5561096
2126 1833 17922346 2.5561096
2130 1831 17922352 2.5561096
2126 1826 17922357 2.5561096
2128 1826 17922363 2.5561096
2128 1824 17922369 2.5561096
2125 1830 17922375 2.5561096
2125 1823 17922381 2.5561096
2131 1826 17922387 2.5561096
2128 1821 17922392 2.5561096
2129 1829 17922398 2.5561096
2126 1827 17922404 2.5561096
2130 1831 17922410 2.5561096
2128 1824 17922416 2.5561096
2125 1825 17922422 2.5561096
2127 1830 17922428 2.5561096
2124 1823 17922433 2.5561096
2126 1827 17922439 2.5561096
2124 1826 17922445 2.5561096
2127 1827 17922451 2.5561096
2128 1824 17922457 2.5561096
2127 1822 17922463 2.5561096
2123 1828 17922468 2.5561096
2125 1828 17922474 2.5561096
2126 1825 17922480 2.5561096
2128 1824 17922486 2.5561096
2125 1831 17922492 2.5561096
2128 1826 17922498 2.5561096
2128 1825 17922503 2.5561096
2124 1826 17922509 2.5561096
2128 1826 17922515 2.5561096
2125 1823 17922521 2.5561096
2126 1821 17922527 2.5561096
2128 1828 17922533 2.5561096
2123 1823 17922538 2.5561096
2125 1825 17922544 2.5561096
2130 1825 17922550 2.5561096
2125 1825 17922556 2.5561096
2126 1826 17922562 2.5561096
2127 1827 17922568 2.5561096
2122 1827 17922573 2.5561096
2119 1821 17922579 2.5561096
2128 1824 17922585 2.5561096
2128 1822 17922591 2.5561096
2128 1824 17922597 2.5561096
2129 1825 17922603 2.5561096
2122 1828 17922609 2.5561096
2123 1824 17922614 2.5561096
2128 1825 17922620 2.5561096
2127 1827 17922626 2.5561096
2124 1821 17922632 2.5561096
2143 1825 17922638 2.5561096
2129 1823 17922644 2.5561096
2125 1827 17922649 2.5561096
2129 1828 17922655 2.5561096
2120 1824 17922661 2.5561096
2125 1825 17922667 2.5561096
2127 1826 17922673 2.5561096
2127 1822 17922679 2.5561096
2127 1827 17922684 2.5561096
2126 1828 17922690 2.5561096
2126 1826 17922696 2.5561096
2125 1828 17922702 2.5561096
2126 1828 17922708 2.5561096
2130 1829 17922714 2.5561096
2133 1829 17922719 2.5561096
2129 1830 17922725 2.5561096
2126 1832 17922731 2.5561096
2123 1824 17922737 2.5561096
2125 1825 17922743 2.5561096
2130 1826 17922749 2.5561096
2133 1829 17922754 2.5561096
2130 1831 17922760 2.5561096
2132 1832 17922766 2.5561096
2130 1831 17922772 2.5561096
2128 1827 17922778 2.5561096
2127 1824 17922784 2.5561096
2126 1823 17922789 2.5561096
2128 1829 17922795 2.5561096
2125 1827 17922801 2.5561096
2126 1832 17922807 2.5561096
2127 1825 17922813 2.5561096
2127 1830 17922819 2.5561096
2135 1828 17922824 2.5561096
2130 1826 17922830 2.5561096
2125 1825 17922836 2.5561096
2125 1823 17922842 2.5561096
2126 1825 17922848 2.5561096
2122 1825 17922854 2.5561096
2124 1826 17922860 2.5561096
2124 1824 17922865 2.5561096
2127 1826 17922871 2.5561096
2126 1826 17922877 2.5561096
2131 1831 16817302 2.5561096
2133 1835 16817308 2.5561096
2129 1828 16817314 2.5561096
2125 1830 16817320 2.5561096
2135 1829 16817326 2.5561096
2132 1831 16817332 2.5561096
2133 1834 16817337 2.5561096
2138 1834 16817343 2.5561096
2133 1833 16817349 2.5561096
2134 1831 16817355 2.5561096
2135 1832 16817361 2.5561096
2134 1836 16817367 2.5561096
2133 1833 16817372 2.5561096
2135 1831 16817378 2.5561096
2134 1828 16817384 2.5561096
2134 1832 16817390 2.5561096
2131 1830 16817396 2.5561096
2136 1832 16817402 2.5561096
2136 1835 16817408 2.5561096
2138 1836 16817413 2.5561096
2136 1833 16817419 2.5561096
2135 1834 16817425 2.5561096
2136 1828 16817431 2.5561096
2128 1829 16817437 2.5561096
2133 1832 16817443 2.5561096
2124 1824 16817448 2.5561096
2124 1829 16817454 2.5561096
2127 1827 16817460 2.5561096
2134 1829 16817466 2.5561096
2142 1837 16817472 2.5561096
2133 1832 16817478 2.5561096
2134 1835 16817483 2.5561096
2137 1833 16817489 2.5561096
2137 1834 16817495 2.5561096
2133 1833 16817501 2.5561096
2130 1834 16817507 2.5561096
2136 1835 16817513 2.5561096
2135 1832 16817518 2.5561096
2135 1829 16817524 2.5561096
2133 1829 16817530 2.5561096
2136 1831 16817536 2.5561096
2136 1832 16817542 2.5561096
2134 1833 16817548 2.5561096
2135 1831 16817553 2.5561096
2135 1834 16817559 2.5561096
2137 1837 16817565 2.5561096
2134 1831 16817571 2.5561096
2134 1830 16817577 2.5561096
2133 1834 16817583 2.5561096
2130 1828 16817588 2.5561096
2133 1830 16817594 2.5561096
2134 1830 16817600 2.5561096
2132 1832 16817606 2.5561096
2133 1834 16817612 2.5561096
2133 1834 16817618 2.5561096
2134 1833 16817623 2.5561096
2132 1830 16817629 2.5561096
2132 1825 16817635 2.5561096
2128 1828 16817641 2.5561096
2129 1829 16817647 2.5561096
2132 1831 16817653 2.5561096
2135 1830 16817659 2.5561096
2129 1830 16817664 2.5561096
2131 1826 16817670 2.5561096
2129 1825 16817676 2.5561096
2129 1835 16817682 2.5561096
2130 1829 16817688 2.5561096
2130 1828 16817694 2.5561096
2129 1836 16817699 2.5561096
2131 1827 16817705 2.5561096
2127 1826 16817711 2.5561096
2131 1830 16817717 2.5561096
2133 1830 16817723 2.5561096
2130 1829 16817729 2.5561096
2131 1831 16817734 2.5561096
2132 1832 16817740 2.5561096
2131 1828 16817746 2.5561096
2133 1832 16817752 2.5561096
2133 1833 16817758 2.5561096
2130 1831 16817764 2.5561096
2132 1827 16817769 2.5561096
2131 1833 16817775 2.5561096
2130 1831 16817781 2.5561096
2133 1834 16817787 2.5561096
2129 1841 16817793 2.5561096
2132 1834 16817799 2.5561096
2129 1832 16817804 2.5561096
2133 1827 16817810 2.5561096
2135 1832 16817816 2.5561096
2129 1834 16817822 2.5561096
2132 1834 16817828 2.5561096
2134 1836 16817834 2.5561096
2133 1832 16817839 2.5561096
2131 1836 16817845 2.5561096
2137 1825 16817851 2.5561096
2133 1835 16817857 2.5561096
2130 1834 16817863 2.5561096
2133 1828 16817869 2.5561096
2136 1832 16817875 2.5561096
2132 1831 16817880 2.5561096
2137 1829 16817886 2.5561096
2128 1826 16817892 2.5561096
2132 1831 16817898 2.5561096
2131 1832 16817904 2.5561096
2129 1822 16817910 2.5561096
2131 1829 16817915 2.5561096
2128 1831 16817921 2.5561096
2127 1825 16817927 2.5561096
2125 1830 16817933 2.5561096
2128 1828 16817939 2.5561096
2130 1826 16817945 2.5561096
2132 1826 16817950 2.5561096
2129 1828 16817956 2.5561096
2129 1827 16817962 2.5561096
2125 1825 16817968 2.5561096
2127 1825 16817974 2.5561096
2128 1826 16817980 2.5561096
2135 1831 16817985 2.5561096
2128 1827 16817991 2.5561096
2130 1829 16817998 2.5561096
2131 1826 16818005 2.5561096
2133 1833 16818010 2.5561096
2137 1829 16818016 2.5561096
2132 1835 16818022 2.5561096
2136 1832 16818028 2.5561096
2131 1830 16818034 2.5561096
2138 1836 16818040 2.5561096
2133 1836 16818046 2.5561096
2132 1834 16818051 2.5561096
2136 1836 16818057 2.5561096
2137 1831 16818063 2.5561096
2132 1836 16818069 2.5561096
2131 1836 16818075 2.5561096
2135 1832 16818081 2.5561096
2134 1834 16818086 2.5561096
2132 1832 16818092 2.5561096
2133 1830 16818098 2.5561096
2135 1837 16818104 2.5561096
2137 1832 16818110 2.5561096
2135 1835 16818116 2.5561096
2132 1834 16818121 2.5561096
2136 1832 16818127 2.5561096
2128 1830 16818133 2.5561096
2131 1822 16818139 2.5561096
2132 1833 16818145 2.5561096
2134 1830 16818151 2.5561096
2132 1826 16818156 2.5561096
2130 1832 16818162 2.5561096
2126 1828 16818168 2.5561096
2128 1826 16818174 2.5561096
2128 1827 16818180 2.5561096
2132 1827 16818186 2.5561096
2129 1829 16818191 2.5561096
2131 1831 16818197 2.5561096
2131 1831 16818203 2.5561096
2129 1832 16818209 2.5561096
2129 1828 16818215 2.5561096
2134 1830 16818221 2.5561096
2130 1826 16818226 2.5561096
2129 1832 16818232 2.5561096
2134 1834 16818238 2.5561096
2131 1830 16818244 2.5561096
2130 1829 16818250 2.5561096
2130 1826 16818256 2.5561096
2133 1829 16818262 2.5561096
2129 1831 16818267 2.5561096
2132 1829 16818273 2.5561096
2134 1831 16818279 2.5561096
2133 1826 16818285 2.5561096
2127 1831 16818291 2.5561096
2136 1834 16818297 2.5561096
2134 1834 16818302 2.5561096
2130 1832 16818308 2.5561096
2134 1831 16818314 2.5561096
2128 1831 16818320 2.5561096
2137 1832 16818326 2.5561096
2133 1849 16818332 2.5561096
2132 1831 16818337 2.5561096
2130 1830 16818343 2.5561096
2132 1832 16818349 2.5561096
2130 1828 16818355 2.5561096
2134 1831 16818361 2.5561096
2132 1833 16818367 2.5561096
2133 1833 16818372 2.5561096
2135 1833 16818378 2.5561096
2134 1833 16818384 2.5561096
2134 1829 16818390 2.5561096
2131 1826 16818396 2.5561096
2133 1834 16818402 2.5561096
2129 1828 16818407 2.5561096
2126 1828 16818413 2.5561096
2128 1830 16818419 2.5561096
2127 1824 16818425 2.5561096
2130 1829 16818431 2.5561096
2130 1830 16818437 2.5561096
2129 1827 16818442 2.5561096
2129 1830 16818448 2.5561096
2135 1826 16818454 2.5561096
2131 1827 16818460 2.5561096
2127 1829 16818466 2.5561096
2128 1830 16818472 2.5561096
2126 1831 16818477 2.5561096
2129 1830 16818483 2.5561096
2130 1831 16818489 2.5561096
2128 1826 16818495 2.5561096
2133 1829 16818501 2.5561096
2132 1827 16818507 2.5561096
2132 1833 16818513 2.5561096
2131 1829 16818518 2.5561096
2130 1830 16818524 2.5561096
2131 1826 16818530 2.5561096
2133 1831 16818536 2.5561096
2131 1831 16818542 2.5561096
2127 1831 16818548 2.5561096
2129 1825 16818553 2.5561096
2134 1829 16818559 2.5561096
2130 1828 16818565 2.5561096
2130 1830 16818571 2.5561096
2130 1832 16818577 2.5561096
2135 1831 16818583 2.5561096
2133 1829 16818588 2.5561096
2128 1833 16818594 2.5561096
2131 1831 16818600 2.5561096
2131 1828 16818606 2.5561096
2132 1833 16818612 2.5561096
2132 1831 16818618 2.5561096
2131 1821 16818623 2.5561096
2134 1832 16818629 2.5561096
2129 1828 16818635 2.5561096
2125 1827 16818641 2.5561096
2125 1829 16818647 2.5561096
2128 1829 16818653 2.5561096
2130 1829 16818658 2.5561096
2128 1830 16818664 2.5561096
2130 1828 16818670 2.5561096
2128 1830 16818676 2.5561096
2127 1828 16818682 2.5561096
2129 1828 16818688 2.5561096
2125 1827 16818694 2.5561096
2127 1825 16818699 2.5561096
2126 1827 16818705 2.5561096
2125 1823 16818711 2.5561096
2129 1827 16818717 2.5561096
2128 1825 16818723 2.5561096
2130 1828 16818729 2.5561096
2130 1830 16818734 2.5561096
2130 1826 16818740 2.5561096
2125 1830 16818746 2.5561096
2124 1827 16818752 2.5561096
2131 1827 16818758 2.5561096
2130 1835 16818764 2.5561096
2127 1827 16818769 2.5561096
2130 1826 16818775 2.5561096
2133 1826 16818781 2.5561096
2132 1825 16818787 2.5561096
2130 1831 16818793 2.5561096
2127 1832 16818799 2.5561096
2131 1829 16818804 2.5561096
2134 1829 16818810 2.5561096
2130 1831 16818816 2.5561096
2131 1829 16818822 2.5561096
2128 1831 16818828 2.5561096
2132 1835 16818834 2.5561096
2132 1834 16818839 2.5561096
2130 1832 16818845 2.5561096
2129 1830 16818851 2.5561096
2135 1824 16818857 2.5561096
2132 1826 16818863 2.5561096
2130 1837 16818869 2.5561096
2137 1833 16818874 2.5561096
2131 1826 16818880 2.5561096
2129 1826 16818886 2.5561096
2133 1828 16818892 2.5561096
2132 1827 16818898 2.5561096
2132 1829 16818904 2.5561096
2122 1826 16818909 2.5561096
2134 1828 16818915 2.5561096
2130 1831 16818921 2.5561096
2130 1830 16818927 2.5561096
2129 1829 16818933 2.5561096
2133 1829 16818939 2.5561096
2131 1828 16818945 2.5561096
2132 1824 16818950 2.5561096
2133 1830 16818956 2.5561096
2125 1824 16818962 2.5561096
2130 1829 16818968 2.5561096
2134 1831 16818974 2.5561096
2129 1830 16818980 2.5561096
2131 1830 16818985 2.5561096
2133 1830 16818991 2.5561096
2131 1830 16818999 2.5561096
2133 1830 16819005 2.5561096
2134 1826 16819011 2.5561096
2130 1829 16819017 2.5561096
2130 1826 16819023 2.5561096
2130 1827 16819029 2.5561096
2132 1834 16819034 2.5561096
2126 1831 16819040 2.5561096
2133 1829 16819046 2.5561096
2133 1833 16819052 2.5561096
2126 1831 16819058 2.5561096
2133 1832 16819064 2.5561096
2131 1827 16819069 2.5561096
2129 1830 16819075 2.5561096
2131 1831 16819081 2.5561096
2134 1835 16819087 2.5561096
2136 1833 16819093 2.5561096
2131 1834 16819099 2.5561096
2126 1822 16819104 2.5561096
2134 1833 16819110 2.5561096
2134 1831 16819116 2.5561096
2138 1828 16819122 2.5561096
2134 1838 16819128 2.5561096
2134 1832 16819134 2.5561096
2132 1828 16819139 2.5561096
2131 1831 16819145 2.5561096
2130 1830 16819151 2.5561096
2130 1831 16819157 2.5561096
2130 1825 16819163 2.5561096
2126 1825 16819169 2.5561096
2129 1828 16819174 2.5561096
2130 1826 16819180 2.5561096
2129 1826 16819186 2.5561096
2124 1828 16819192 2.5561096
2126 1824 16819198 2.5561096
2128 1822 16819204 2.5561096
2129 1829 16819210 2.5561096
2126 1824 16819215 2.5561096
2128 1825 16819221 2.5561096
2126 1824 16819227 2.5561096
2130 1829 16819233 2.5561096
2129 1825 16819239 2.5561096
2129 1828 16819245 2.5561096
2125 1825 16819250 2.5561096
2129 1827 16819256 2.5561096
2126 1829 16819262 2.5561096
2130 1827 16819268 2.5561096
2130 1829 16819274 2.5561096
2127 1826 16819280 2.5561096
2128 1830 16819285 2.5561096
2130 1827 16819291 2.5561096
2129 1826 16819297 2.5561096
2128 1823 16819303 2.5561096
2128 1824 16819309 2.5561096
2124 1827 16819315 2.5561096
2126 1824 16819320 2.5561096
2128 1823 16819326 2.5561096
2131 1837 16819332 2.5561096
2135 1832 16819338 2.5561096
2134 1831 16819344 2.5561096
2132 1827 16819350 2.5561096
2131 1832 16819355 2.5561096
2130 1831 16819361 2.5561096
2131 1833 16819367 2.5561096
2132 1828 16819373 2.5561096
2131 1830 16819379 2.5561096
2133 1828 16819385 2.5561096
2129 1835 16819390 2.5561096
2125 1832 16819396 2.5561096
2131 1828 16819402 2.5561096
2131 1828 16819408 2.5561096
2132 1828 16819414 2.5561096
2134 1829 16819420 2.5561096
2126 1829 16819425 2.5561096
2128 1829 16819431 2.5561096
2128 1827 16819437 2.5561096
2131 1831 16819443 2.5561096
2133 1827 16819449 2.5561096
2128 1830 16819455 2.5561096
2124 1827 16819461 2.5561096
2129 1826 16819466 2.5561096
2128 1829 16819472 2.5561096
2129 1826 16819478 2.5561096
2130 1831 16819484 2.5561096
2133 1825 16819490 2.5561096
2133 1831 16819496 2.5561096
2130 1826 16819501 2.5561096
2129 1827 16819507 2.5561096
2130 1829 16819513 2.5561096
2130 1821 16819519 2.5561096
2129 1828 16819525 2.5561096
2128 1828 16819531 2.5561096
2125 1823 16819536 2.5561096
2124 1826 16819542 2.5561096
2128 1832 16819548 2.5561096
2128 1825 16819554 2.5561096
2128 1831 16819560 2.5561096
2128 1829 16819566 2.5561096
2131 1826 16819571 2.5561096
2130 1826 16819577 2.5561096
2130 1828 16819583 2.5561096
2133 1828 16819589 2.5561096
2131 1829 16819595 2.5561096
2131 1830 16819601 2.5561096
2130 1832 16819606 2.5561096
2130 1832 16819612 2.5561096
2134 1831 16819618 2.5561096
2135 1832 16819624 2.5561096
2133 1836 16819630 2.5561096
2129 1828 16819636 2.5561096
2133 1828 16819641 2.5561096
2131 1831 16819647 2.5561096
2131 1828 16819653 2.5561096
2132 1832 16819659 2.5561096
2129 1830 16819665 2.5561096
2130 1829 16819671 2.5561096
2131 1828 16819677 2.5561096
2133 1829 16819682 2.5561096
2128 1826 16819688 2.5561096
2130 1832 16819694 2.5561096
2129 1828 16819700 2.5561096
2133 1827 16819706 2.5561096
2128 1826 16819712 2.5561096
2127 1831 16819717 2.5561096
2129 1830 16819723 2.5561096
2123 1824 16819729 2.5561096
2127 1825 16819735 2.5561096
2130 1829 16819741 2.5561096
2125 1824 16819747 2.5561096
2127 1823 16819752 2.5561096
2128 1823 16819758 2.5561096
2129 1827 16819764 2.5561096
2132 1829 16819770 2.5561096
2123 1828 16819776 2.5561096
2131 1820 16819782 2.5561096
2130 1828 16819787 2.5561096
2128 1830 16819793 2.5561096
2127 1827 16819799 2.5561096
2125 1826 16819805 2.5561096
2127 1826 16819811 2.5561096
2126 1822 16819817 2.5561096
2126 1825 16819822 2.5561096
2129 1829 16819828 2.5561096
2131 1832 16819834 2.5561096
2130 1832 16819840 2.5561096
2133 1833 16819846 2.5561096
2135 1827 16819852 2.5561096
2132 1832 16819857 2.5561096
2133 1830 16819863 2.5561096
2129 1825 16819869 2.5561096
2129 1830 16819875 2.5561096
2124 1827 16819881 2.5561096
2128 1827 16819887 2.5561096
2130 1827 16819892 2.5561096
2136 1830 16819898 2.5561096
2135 1833 16819904 2.5561096
2133 1831 16819910 2.5561096
2129 1830 16819916 2.5561096
2131 1830 16819922 2.5561096
2127 1826 16819928 2.5561096
2133 1829 16819933 2.5561096
2130 1826 16819939 2.5561096
2125 1831 16819945 2.5561096
2128 1826 16819951 2.5561096
2127 1825 16819957 2.5561096
2132 1824 16819963 2.5561096
2130 1832 16819968 2.5561096
2132 1832 16819974 2.5561096
2134 1831 16819980 2.5561096
2131 1825 16819986 2.5561096
2127 1832 16819992 2.5561096
2124 1828 16819999 2.5561096
2123 1823 16820005 2.5561096
2128 1825 16820010 2.5561096
2124 1828 16820016 2.5561096
2125 1822 16820022 2.5561096
2128 1825 16820028 2.5561096
2128 1825 16820034 2.5561096
2132 1831 16820040 2.5561096
2136 1825 16820045 2.5561096
2130 1829 16820051 2.5561096
2125 1826 16820057 2.5561096
2124 1821 16820063 2.5561096
2123 1824 16820069 2.5561096
2123 1820 16820075 2.5561096
2120 1824 16820080 2.5561096
2125 1822 16820086 2.5561096
2127 1822 16820092 2.5561096
2130 1828 16820098 2.5561096
2132 1825 16820104 2.5561096
2133 1833 16820110 2.5561096
2131 1830 16820116 2.5561096
2131 1828 16820121 2.5561096
2132 1828 16820127 2.5561096
2126 1825 16820133 2.5561096
2128 1824 16820139 2.5561096
2127 1827 16820145 2.5561096
2128 1825 16820151 2.5561096
2131 1830 16820156 2.5561096
2130 1830 16820162 2.5561096
2133 1826 16820168 2.5561096
2135 1835 16820174 2.5561096
2131 1830 16820180 2.5561096
2135 1833 16820186 2.5561096
2131 1830 16820191 2.5561096
2127 1828 16820197 2.5561096
2128 1824 16820203 2.5561096
2126 1823 16820209 2.5561096
2125 1825 16820215 2.5561096
2126 1827 16820221 2.5561096
2127 1830 16820226 2.5561096
2130 1828 16820232 2.5561096
2127 1828 16820238 2.5561096
2133 1828 16820244 2.5561096
2131 1824 16820250 2.5561096
2126 1825 16820256 2.5561096
2124 1822 16820261 2.5561096
2124 1824 16820267 2.5561096
2128 1823 16820273 2.5561096
2124 1822 16820279 2.5561096
2124 1819 16820285 2.5561096
2124 1825 16820291 2.5561096
2124 1823 16820296 2.5561096
2125 1824 16820302 2.5561096
2130 1830 16820308 2.5561096
2122 1825 16820314 2.5561096
2129 1821 16820320 2.5561096
2126 1825 16820326 2.5561096
2124 1822 16820332 2.5561096
2122 1818 16820337 2.5561096
2118 1819 16820343 2.5561096
2117 1822 16820349 2.5561096
2122 1823 16820355 2.5561096
2130 1828 16820361 2.5561096
2129 1825 16820367 2.5561096
2127 1826 16820372 2.5561096
2135 1830 16820378 2.5561096
2133 1826 16820384 2.5561096
2130 1829 16820390 2.5561096
2129 1830 16820396 2.5561096
2127 1827 16820402 2.5561096
2131 1831 16820407 2.5561096
2128 1825 16820413 2.5561096
2129 1826 16820419 2.5561096
2133 1835 16820425 2.5561096
2133 1831 16820431 2.5561096
2136 1831 16820437 2.5561096
2133 1830 16820442 2.5561096
2129 1825 16820448 2.5561096
2126 1822 16820454 2.5561096
2125 1829 16820460 2.5561096
2129 1826 16820466 2.5561096
2125 1823 16820472 2.5561096
2126 1821 16820477 2.5561096
2128 1823 16820483 2.5561096
2129 1823 16820489 2.5561096
2125 1826 16820495 2.5561096
2124 1822 16820501 2.5561096
2126 1819 16820507 2.5561096
2127 1829 16820512 2.5561096
2128 1828 16820518 2.5561096
2127 1824 16820524 2.5561096
2131 1827 16820530 2.5561096
2127 1827 16820536 2.5561096
2124 1821 16820542 2.5561096
2124 1822 16820548 2.5561096
2119 1818 16820553 2.5561096
2123 1822 16820559 2.5561096
2122 1821 16820565 2.5561096
2122 1820 16820571 2.5561096
2127 1824 16820577 2.5561096
2127 1823 16820583 2.5561096
2129 1825 16820588 2.5561096
2124 1825 16820594 2.5561096
2123 1824 16820600 2.5561096
2127 1824 16820606 2.5561096
2127 1823 16820612 2.5561096
2122 1817 16820618 2.5561096
2122 1821 16820623 2.5561096
2131 1825 16820629 2.5561096
2130 1828 16820635 2.5561096
2128 1830 16820641 2.5561096
2132 1831 16820647 2.5561096
2137 1828 16820653 2.5561096
2134 1829 16820658 2.5561096
2123 1824 16820664 2.5561096
2121 1820 16820670 2.5561096
2121 1821 16820676 2.5561096
2124 1820 16820682 2.5561096
2130 1825 16820688 2.5561096
2132 1830 16820693 2.5561096
2126 1824 16820699 2.5561096
2129 1829 16820705 2.5561096
2130 1829 16820711 2.5561096
2127 1827 16820717 2.5561096
2127 1828 16820723 2.5561096
2127 1822 16820728 2.5561096
2126 1824 16820734 2.5561096
2121 1822 16820740 2.5561096
2126 1820 16820746 2.5561096
2121 1821 16820752 2.5561096
2126 1825 16820758 2.5561096
2127 1826 16820764 2.5561096
2128 1828 16820769 2.5561096
2126 1824 16820775 2.5561096
2126 1823 16820781 2.5561096
2127 1824 16820787 2.5561096
2124 1823 16820793 2.5561096
2125 1818 16820799 2.5561096
2125 1822 16820804 2.5561096
2126 1823 16820810 2.5561096
2126 1821 16820816 2.5561096
2126 1825 16820822 2.5561096
2124 1826 16820828 2.5561096
2128 1824 16820834 2.5561096
2124 1823 16820839 2.5561096
2123 1816 16820845 2.5561096
2125 1816 16820851 2.5561096
2121 1820 16820857 2.5561096
2125 1824 16820863 2.5561096
2120 1824 16820869 2.5561096
2123 1824 16820874 2.5561096
2122 1826 16820880 2.5561096
2121 1823 16820886 2.5561096
2126 1820 16820892 2.5561096
2125 1823 16820898 2.5561096
2126 1826 16820904 2.5561096
2128 1824 16820909 2.5561096
2121 1821 16820915 2.5561096
2123 1822 16820921 2.5561096
2123 1819 16820927 2.5561096
2127 1826 16820933 2.5561096
2131 1828 16820939 2.5561096
2126 1827 16820944 2.5561096
2130 1829 16820950 2.5561096
2130 1824 16820956 2.5561096
2126 1826 16820962 2.5561096
2128 1824 16820968 2.5561096
2127 1823 16820974 2.5561096
2129 1828 16820979 2.5561096
2125 1827 16820985 2.5561096
2125 1824 16820991 2.5561096
2125 1825 16820999 2.5561096
2125 1826 16821005 2.5561096
2125 1823 16821011 2.5561096
2122 1823 16821017 2.5561096
2121 1818 16821023 2.5561096
2122 1817 16821028 2.5561096
2119 1820 16821034 2.5561096
2125 1822 16821040 2.5561096
2122 1819 16821046 2.5561096
2126 1824 16821052 2.5561096
2127 1825 16821058 2.5561096
2125 1822 16821063 2.5561096
2127 1824 16821069 2.5561096
2127 1827 16821075 2.5561096
2127 1827 16821081 2.5561096
2126 1827 16821087 2.5561096
2125 1826 16821093 2.5561096
2126 1824 16821098 2.5561096
2122 1824 16821104 2.5561096
2129 1826 16821110 2.5561096
2126 1825 16821116 2.5561096
2130 1825 16821122 2.5561096
2127 1828 16821128 2.5561096
2128 1829 16821133 2.5561096
2130 1826 16821139 2.5561096
2126 1824 16821145 2.5561096
2129 1828 16821151 2.5561096
2122 1824 16821157 2.5561096
2123 1820 16821163 2.5561096
2123 1824 16821168 2.5561096
2119 1825 16821174 2.5561096
2130 1821 16821180 2.5561096
2127 1820 17907260 2.5561096
2127 1825 17907280 2.5561096
2125 1824 17907286 2.5561096
2123 1827 17907291 2.5561096
2122 1820 17907297 2.5561096
2123 1820 17907303 2.5561096
2119 1820 17907309 2.5561096
2121 1820 17907315 2.5561096
2117 1821 17907321 2.5561096
2119 1821 17907326 2.5561096
2121 1822 17907332 2.5561096
2127 1822 17907338 2.5561096
2129 1827 17907344 2.5561096
2129 1830 17907350 2.5561096
2127 1822 17907356 2.5561096
2127 1825 17907361 2.5561096
2121 1823 17907367 2.5561096
2121 1820 17907373 2.5561096
2125 1822 17907379 2.5561096
2124 1820 17907385 2.5561096
2116 1819 17907391 2.5561096
2125 1827 17907396 2.5561096
2126 1827 17907402 2.5561096
2126 1824 17907408 2.5561096
2127 1824 17907414 2.5561096
2128 1824 17907420 2.5561096
2119 1821 17907426 2.5561096
2121 1825 17907431 2.5561096
2123 1819 17907437 2.5561096
2123 1822 17907443 2.5561096
2127 1822 17907449 2.5561096
2129 1827 17907455 2.5561096
2130 1826 17907461 2.5561096
2126 1825 17907466 2.5561096
2131 1824 17907472 2.5561096
2127 1825 17907478 2.5561096
2121 1825 17907484 2.5561096
2127 1821 17907490 2.5561096
2123 1820 17907496 2.5561096
2122 1821 17907502 2.5561096
2122 1823 17907507 2.5561096
2118 1823 17907513 2.5561096
2129 1823 17907519 2.5561096
2127 1824 17907525 2.5561096
2126 1827 17907531 2.5561096
2128 1826 17907537 2.5561096
2123 1826 17907542 2.5561096
2127 1821 17907548 2.5561096
2122 1823 17907554 2.5561096
2120 1820 17907560 2.5561096
2128 1821 17907566 2.5561096
2125 1825 17907572 2.5561096
2124 1828 17907577 2.5561096
2130 1827 17907583 2.5561096
2123 1826 17907589 2.5561096
2127 1828 17907595 2.5561096
2127 1823 17907601 2.5561096
2128 1824 17907607 2.5561096
2125 1825 17907612 2.5561096
2125 1824 17907618 2.5561096
2127 1824 17907624 2.5561096
2127 1822 17907630 2.5561096
2128 1818 17907636 2.5561096
2123 1825 17907642 2.5561096
2127 1827 17907647 2.5561096
2124 1824 17907653 2.5561096
2123 1824 17907659 2.5561096
2125 1827 17907665 2.5561096
2126 1825 17907671 2.5561096
2125 1822 17907677 2.5561096
2128 1820 17907683 2.5561096
2125 1825 17907688 2.5561096
2123 1829 17907694 2.5561096
2127 1828 17907700 2.5561096
2131 1826 17907706 2.5561096
2127 1827 17907712 2.5561096
2128 1827 17907718 2.5561096
2124 1824 17907723 2.5561096
2130 1824 17907729 2.5561096
2125 1825 17907735 2.5561096
2133 1827 17907741 2.5561096
2131 1825 17907747 2.5561096
2128 1826 17907753 2.5561096
2120 1825 17907758 2.5561096
2126 1825 17907764 2.5561096
2130 1825 17907770 2.5561096
2128 1828 17907776 2.5561096
2130 1826 17907782 2.5561096
2133 1824 17907788 2.5561096
2124 1829 17907793 2.5561096
2125 1826 17907799 2.5561096
2127 1829 17907805 2.5561096
2122 1823 17907811 2.5561096
2129 1829 17907817 2.5561096
2124 1819 17907823 2.5561096
2127 1823 17907828 2.5561096
2130 1827 17907834 2.5561096
2124 1828 17907840 2.5561096
2125 1827 17907846 2.5561096
2130 1825 17907852 2.5561096
2127 1826 17907858 2.5561096
2127 1824 17907863 2.5561096
2129 1829 17907869 2.5561096
2127 1826 17907875 2.5561096
2128 1826 17907881 2.5561096
2126 1824 17907887 2.5561096
2124 1829 17907893 2.5561096
2124 1824 17907898 2.5561096
2123 1825 17907904 2.5561096
2123 1820 17907910 2.5561096
2124 1825 17907916 2.5561096
2125 1826 17907922 2.5561096
2124 1823 17907928 2.5561096
2129 1826 17907934 2.5561096
2130 1832 17907939 2.5561096
2126 1827 17907945 2.5561096
2129 1823 17907951 2.5561096
2126 1823 17907957 2.5561096
2130 1828 17907963 2.5561096
2126 1828 17907969 2.5561096
2125 1826 17907974 2.5561096
2126 1827 17907980 2.5561096
2128 1824 17907986 2.5561096
2125 1827 17907992 2.5561096
2129 1828 17907999 2.5561096
2122 1823 17908005 2.5561096
2125 1829 17908011 2.5561096
2123 1828 17908016 2.5561096
2126 1823 17908022 2.5561096
2122 1827 17908028 2.5561096
2125 1823 17908034 2.5561096
2126 1825 17908040 2.5561096
2128 1828 17908046 2.5561096
2125 1826 17908051 2.5561096
2130 1826 17908057 2.5561096
2128 1826 17908063 2.5561096
2130 1824 17908069 2.5561096
2130 1826 17908075 2.5561096
2124 1822 17908081 2.5561096
2122 1824 17908086 2.5561096
2124 1823 17908092 2.5561096
2127 1828 17908098 2.5561096
2131 1821 17908104 2.5561096
2126 1828 17908110 2.5561096
2128 1828 17908116 2.5561096
2128 1824 17908121 2.5561096
2132 1830 17908127 2.5561096
2130 1825 17908133 2.5561096
2124 1825 17908139 2.5561096
2119 1825 17908145 2.5561096
2124 1825 17908151 2.5561096
2121 1823 17908156 2.5561096
2123 1823 17908162 2.5561096
2122 1824 17908168 2.5561096
2123 1824 17908174 2.5561096
2129 1828 17908180 2.5561096
2128 1829 17908186 2.5561096
2126 1828 17908192 2.5561096
2125 1821 17908197 2.5561096
2132 1827 17908203 2.5561096
2130 1831 17908209 2.5561096
2126 1825 17908215 2.5561096
2127 1823 17908221 2.5561096
2131 1828 17908227 2.5561096
2126 1826 17908232 2.5561096
2126 1826 17908238 2.5561096
2124 1825 17908244 2.5561096
2127 1827 17908250 2.5561096
2132 1828 17908256 2.5561096
2127 1828 17908262 2.5561096
2130 1829 17908267 2.5561096
2129 1827 17908273 2.5561096
2129 1830 17908279 2.5561096
2126 1825 17908285 2.5561096
2125 1826 17908291 2.5561096
2126 1822 17908297 2.5561096
2122 1823 17908302 2.5561096
2125 1824 17908308 2.5561096
2127 1828 17908314 2.5561096
2123 1826 17908320 2.5561096
2132 1827 17908326 2.5561096
2126 1824 17908332 2.5561096
2127 1821 17908337 2.5561096
2130 1826 17908343 2.5561096
2128 1827 17908349 2.5561096
2124 1828 17908355 2.5561096
2126 1821 17908361 2.5561096
2133 1827 17908367 2.5561096
2125 1828 17908372 2.5561096
2127 1827 17908378 2.5561096
2128 1833 17908384 2.5561096
2133 1826 17908390 2.5561096
2127 1828 17908396 2.5561096
2130 1830 17908402 2.5561096
2128 1827 17908407 2.5561096
2128 1827 17908413 2.5561096
2123 1829 17908419 2.5561096
2125 1827 17908425 2.5561096
2127 1825 17908431 2.5561096
2127 1827 17908437 2.5561096
2130 1828 17908443 2.5561096
2128 1829 17908448 2.5561096
2129 1829 17908454 2.5561096
2132 1830 17908460 2.5561096
2128 1833 17908466 2.5561096
2131 1827 17908472 2.5561096
2132 1835 17908478 2.5561096
2133 1828 17908483 2.5561096
2128 1827 17908489 2.5561096
2131 1828 17908495 2.5561096
2126 1828 17908501 2.5561096
2128 1828 17908507 2.5561096
2128 1829 17908513 2.5561096
2125 1825 17908518 2.5561096
2129 1829 17908524 2.5561096
2124 1828 17908530 2.5561096
2129 1826 17908536 2.5561096
2130 1834 17908542 2.5561096
2128 1824 17908548 2.5561096
2127 1829 17908553 2.5561096
2128 1827 17908559 2.5561096
2129 1830 17908565 2.5561096
2130 1825 17908571 2.5561096
2128 1826 17908577 2.5561096
2125 1825 17908583 2.5561096
2125 1831 17908588 2.5561096
2127 1829 17908594 2.5561096
2130 1828 17908600 2.5561096
2129 1830 17908606 2.5561096
2121 1828 17908612 2.5561096
2125 1828 17908618 2.5561096
2127 1827 17908623 2.5561096
2131 1831 17908629 2.5561096
2130 1830 17908635 2.5561096
2129 1824 17908641 2.5561096
2127 1827 17908647 2.5561096
2128 1829 17908653 2.5561096
2128 1824 17908659 2.5561096
2125 1826 17908664 2.5561096
2127 1827 17908670 2.5561096
2128 1829 17908676 2.5561096
2128 1822 17908682 2.5561096
2126 1825 17908688 2.5561096
2133 1828 17908694 2.5561096
2129 1832 17908699 2.5561096
2134 1829 17908705 2.5561096
2128 1828 17908711 2.5561096
2128 1828 17908717 2.5561096
2130 1829 17908723 2.5561096
2129 1829 17908729 2.5561096
2129 1830 17908734 2.5561096
2128 1829 17908740 2.5561096
2127 1826 17908746 2.5561096
2130 1831 17908752 2.5561096
2127 1828 17908758 2.5561096
2127 1827 17908764 2.5561096
2128 1823 17908769 2.5561096
2127 1831 17908775 2.5561096
2129 1831 17908781 2.5561096
2127 1829 17908787 2.5561096
2125 1830 17908793 2.5561096
2129 1824 17908799 2.5561096
2126 1826 17908804 2.5561096
2126 1828 17908810 2.5561096
2131 1828 17908816 2.5561096
2125 1823 17908822 2.5561096
2130 1827 17908828 2.5561096
2133 1831 17908834 2.5561096
2127 1826 17908839 2.5561096
2128 1831 17908845 2.5561096
2130 1828 17908851 2.5561096
2124 1828 17908857 2.5561096
2129 1830 17908863 2.5561096
2126 1830 17908869 2.5561096
2128 1831 17908874 2.5561096
2132 1835 17908880 2.5561096
2123 1824 17908886 2.5561096
2129 1831 17908892 2.5561096
2126 1823 17908898 2.5561096
2125 1821 17908904 2.5561096
2128 1827 17908910 2.5561096
2126 1823 17908915 2.5561096
2132 1826 17908921 2.5561096
2128 1831 17908927 2.5561096
2129 1830 17908933 2.5561096
2129 1831 17908939 2.5561096
2128 1825 17908945 2.5561096
2126 1827 17908950 2.5561096
2127 1830 17908956 2.5561096
2129 1828 17908962 2.5561096
2129 1827 17908968 2.5561096
2127 1829 17908974 2.5561096
2123 1825 17908980 2.5561096
2123 1827 17908985 2.5561096
2129 1827 17908991 2.5561096
2126 1821 17908999 2.5561096
2125 1829 17909005 2.5561096
2125 1829 17909011 2.5561096
2128 1824 17909017 2.5561096
2128 1828 17909023 2.5561096
2131 1825 17909028 2.5561096
2126 1822 17909034 2.5561096
2129 1828 17909040 2.5561096
2124 1822 17909046 2.5561096
2126 1824 17909052 2.5561096
2124 1826 17909058 2.5561096
2126 1825 17909063 2.5561096
2128 1826 17909069 2.5561096
2126 1826 17909075 2.5561096
2129 1828 17909081 2.5561096
2128 1826 17909087 2.5561096
2130 1830 17909093 2.5561096
2128 1828 17909098 2.5561096
2130 1826 17909104 2.5561096
2126 1827 17909110 2.5561096
2130 1825 17909116 2.5561096
2127 1825 17909122 2.5561096
2123 1828 17909128 2.5561096
2130 1827 17909133 2.5561096
2131 1830 17909139 2.5561096
2129 1828 17909145 2.5561096
2135 1832 17909151 2.5561096
2128 1823 17909157 2.5561096
2131 1831 17909163 2.5561096
2136 1832 17909169 2.5561096
2128 1829 17909174 2.5561096
2133 1830 17909180 2.5561096
2134 1828 17909186 2.5561096
2128 1828 17909192 2.5561096
2130 1828 17909198 2.5561096
2127 1827 17909204 2.5561096
2126 1829 17909209 2.5561096
2124 1821 17909215 2.5561096
2132 1830 17909221 2.5561096
2128 1826 17909227 2.5561096
2127 1824 17909233 2.5561096
2134 1829 17909239 2.5561096
2130 1832 17909244 2.5561096
2127 1830 17909250 2.5561096
2130 1830 17909256 2.5561096
2124 1833 17909262 2.5561096
2128 1830 17909268 2.5561096
2129 1833 17909274 2.5561096
2125 1829 17909279 2.5561096
2132 1828 17909285 2.5561096
2130 1830 17909291 2.5561096
2130 1828 17909297 2.5561096
2128 1829 17909303 2.5561096
2131 1818 17909309 2.5561096
2126 1828 17909314 2.5561096
2130 1830 17909320 2.5561096
2131 1829 17909326 2.5561096
2126 1830 17909332 2.5561096
2126 1828 17909338 2.5561096
2126 1827 17909344 2.5561096
2129 1824 17909349 2.5561096
2133 1824 17909355 2.5561096
2130 1834 17909361 2.5561096
2127 1832 17909367 2.5561096
2131 1831 17909373 2.5561096
2128 1831 17909379 2.5561096
2131 1831 17909384 2.5561096
2134 1828 17909390 2.5561096
2130 1825 17909396 2.5561096
2127 1831 17909402 2.5561096
2130 1833 17909408 2.5561096
2128 1826 17909414 2.5561096
2130 1830 17909420 2.5561096
2127 1826 17909425 2.5561096
2126 1826 17909431 2.5561096
2125 1828 17909437 2.5561096
2127 1830 17909443 2.5561096
2132 1828 17909449 2.5561096
2131 1831 17909455 2.5561096
2128 1832 17909460 2.5561096
2133 1835 17909466 2.5561096
2124 1822 17909472 2.5561096
2131 1827 17909478 2.5561096
2129 1827 17909484 2.5561096
2131 1829 17909490 2.5561096
2129 1831 17909495 2.5561096
2128 1828 17909501 2.5561096
2131 1829 17909507 2.5561096
2133 1825 17909513 2.5561096
2132 1828 17909519 2.5561096
2132 1830 17909525 2.5561096
2132 1832 17909530 2.5561096
2129 1831 17909536 2.5561096
2130 1830 17909542 2.5561096
2124 1821 17909548 2.5561096
2131 1833 17909554 2.5561096
2128 1830 17909560 2.5561096
2127 1831 17909565 2.5561096
2128 1824 17909571 2.5561096
2130 1823 17909577 2.5561096
2130 1830 17909583 2.5561096
2130 1831 17909589 2.5561096
2131 1830 17909595 2.5561096
2129 1828 17909600 2.5561096
2130 1827 17909606 2.5561096
2130 1830 17909612 2.5561096
2134 1834 17909618 2.5561096
2128 1830 17909624 2.5561096
2131 1826 17909630 2.5561096
2131 1828 17909636 2.5561096
2125 1827 17909641 2.5561096
2127 1824 17909647 2.5561096
2133 1827 17909653 2.5561096
2126 1830 17909659 2.5561096
2130 1832 17909665 2.5561096
2131 1828 17909671 2.5561096
2127 1829 17909676 2.5561096
2127 1828 17909682 2.5561096
2127 1830 17909688 2.5561096
2126 1831 17909694 2.5561096
2127 1824 17909700 2.5561096
2130 1824 17909706 2.5561096
2130 1831 17909711 2.5561096
2127 1834 17909717 2.5561096
2132 1828 17909723 2.5561096
2124 1827 17909729 2.5561096
2127 1824 17909735 2.5561096
2131 1831 17909741 2.5561096
2119 1822 17909746 2.5561096
2125 1829 17909752 2.5561096
2128 1828 17909758 2.5561096
2129 1826 17909764 2.5561096
2128 1831 17909770 2.5561096
2127 1826 17909776 2.5561096
2129 1833 17909781 2.5561096
2128 1829 17909787 2.5561096
2129 1829 17909793 2.5561096
2133 1823 17909799 2.5561096
2130 1827 17909805 2.5561096
2124 1829 17909811 2.5561096
2122 1829 17909816 2.5561096
2129 1828 17909822 2.5561096
2130 1829 17909828 2.5561096
2130 1830 17909834 2.5561096
2138 1833 17909840 2.5561096
2130 1830 17909846 2.5561096
2133 1834 17909851 2.5561096
2132 1829 17909857 2.5561096
2128 1829 17909863 2.5561096
2127 1826 17909869 2.5561096
2129 1828 17909875 2.5561096
2132 1834 17909881 2.5561096
2136 1826 17909887 2.5561096
2130 1829 17909892 2.5561096
2133 1830 17909898 2.5561096
2128 1827 17909904 2.5561096
2129 1831 17909910 2.5561096
2138 1827 17909916 2.5561096
2130 1832 17909922 2.5561096
2130 1829 17909927 2.5561096
2131 1834 17909933 2.5561096
2128 1828 17909939 2.5561096
2131 1831 17909945 2.5561096
2128 1827 17909951 2.5561096
2130 1830 17909957 2.5561096
2132 1829 17909962 2.5561096
2134 1826 17909968 2.5561096
2131 1831 17909974 2.5561096
2129 1831 17909980 2.5561096
2129 1826 17909986 2.5561096
2134 1826 17909992 2.5561096
2125 1830 17909999 2.5561096
2132 1829 17910005 2.5561096
2129 1832 17910011 2.5561096
2127 1828 17910017 2.5561096
2129 1830 17910022 2.5561096
2130 1829 17910028 2.5561096
2129 1829 17910034 2.5561096
2130 1825 17910040 2.5561096
2129 1833 17910046 2.5561096
2132 1829 17910052 2.5561096
2127 1832 17910058 2.5561096
2128 1830 17910063 2.5561096
2131 1823 17910069 2.5561096
2123 1825 17910075 2.5561096
2127 1828 17910081 2.5561096
2134 1828 17910087 2.5561096
2136 1828 17910093 2.5561096
2133 1834 17910098 2.5561096
2138 1831 17910104 2.5561096
2131 1834 17910110 2.5561096
2129 1830 17910116 2.5561096
2132 1829 17910122 2.5561096
2134 1829 17910128 2.5561096
2134 1828 17910133 2.5561096
2125 1829 17910139 2.5561096
2131 1822 17910145 2.5561096
2133 1829 17910151 2.5561096
2134 1833 17910157 2.5561096
2132 1833 17910163 2.5561096
2134 1833 17910168 2.5561096
2134 1828 17910174 2.5561096
2132 1833 17910180 2.5561096
2130 1827 17910186 2.5561096
2131 1831 17910192 2.5561096
2131 1830 17910198 2.5561096
2129 1820 17910203 2.5561096
2130 1835 17910209 2.5561096
2130 1830 17910215 2.5561096
2132 1829 17910221 2.5561096
2136 1833 17910227 2.5561096
2134 1834 17910233 2.5561096
2134 1834 17910238 2.5561096
2129 1831 17910244 2.5561096
2129 1825 17910250 2.5561096
2128 1825 17910256 2.5561096
2128 1830 17910262 2.5561096
2125 1825 17910268 2.5561096
2127 1829 17910273 2.5561096
2133 1830 17910279 2.5561096
2131 1828 17910285 2.5561096
2131 1831 17910291 2.5561096
2130 1829 17910297 2.5561096
2130 1829 17910303 2.5561096
2130 1825 17910309 2.5561096
2132 1829 17910314 2.5561096
2128 1827 17910320 2.5561096
2125 1826 17910326 2.5561096
2131 1828 17910332 2.5561096
2126 1830 17910338 2.5561096
2131 1831 17910344 2.5561096
2133 1838 17910349 2.5561096
2133 1831 17910355 2.5561096
2134 1837 17910361 2.5561096
2140 1836 17910367 2.5561096
2130 1836 17910373 2.5561096
2136 1838 17910379 2.5561096
2134 1823 17910384 2.5561096
2133 1828 17910390 2.5561096
2132 1833 17910396 2.5561096
2131 1827 17910402 2.5561096
2132 1833 17910408 2.5561096
2131 1828 17910414 2.5561096
2137 1830 17910419 2.5561096
2132 1836 17910425 2.5561096
2134 1835 17910431 2.5561096
2132 1830 17910437 2.5561096
2133 1835 17910443 2.5561096
2131 1831 17910449 2.5561096
2129 1832 17910454 2.5561096
2128 1827 17910460 2.5561096
2127 1828 17910466 2.5561096
2130 1827 17910472 2.5561096
2129 1830 17910478 2.5561096
2136 1838 17910484 2.5561096
2133 1829 17910489 2.5561096
2133 1835 17910495 2.5561096
2134 1835 17910501 2.5561096
2128 1828 17910507 2.5561096
2132 1831 17910513 2.5561096
2131 1828 17910519 2.5561096
2132 1827 17910525 2.5561096
2127 1828 17910530 2.5561096
2126 1827 17910536 2.5561096
2134 1825 17910542 2.5561096
2130 1830 17910548 2.5561096
2131 1825 17910554 2.5561096
2137 1834 17910560 2.5561096
2137 1836 17910565 2.5561096
2133 1834 17910571 2.5561096
2133 1829 17910577 2.5561096
2132 1832 17910583 2.5561096
2132 1832 17910589 2.5561096
2127 1830 17910595 2.5561096
2127 1831 17910600 2.5561096
2133 1832 17910606 2.5561096
2132 1836 17910612 2.5561096
2136 1833 17910618 2.5561096
2137 1835 17910624 2.5561096
2137 1834 17910630 2.5561096
2141 1839 17910635 2.5561096
2131 1834 17910641 2.5561096
2132 1835 17910647 2.5561096
2135 1830 17910653 2.5561096
2133 1831 17910659 2.5561096
2136 1831 17910665 2.5561096
2132 1833 17910670 2.5561096
2127 1832 17910676 2.5561096
2134 1834 17910682 2.5561096
2134 1832 17910688 2.5561096
2136 1834 17910694 2.5561096
2133 1835 17910700 2.5561096
2135 1833 17910705 2.5561096
2133 1827 17910711 2.5561096
2130 1828 17910717 2.5561096
2128 1832 17910723 2.5561096
2130 1830 17910729 2.5561096
2129 1833 17910735 2.5561096
2134 1835 17910740 2.5561096
2130 1834 17910746 2.5561096
2136 1841 17910752 2.5561096
2134 1835 17910758 2.5561096
2129 1828 17910764 2.5561096
2134 1834 17910770 2.5561096
2133 1831 17910776 2.5561096
2130 1830 17910781 2.5561096
2132 1827 17910787 2.5561096
2131 1836 17910793 2.5561096
2136 1841 17910799 2.5561096
2141 1834 17910805 2.5561096
2132 1831 17910811 2.5561096
2136 1836 17910816 2.5561096
2131 1834 17910822 2.5561096
2131 1834 17910828 2.5561096
2137 1842 17910834 2.5561096
2130 1835 17910840 2.5561096
2132 1835 17910846 2.5561096
2137 1834 17910851 2.5561096
2136 1833 17910857 2.5561096
2136 1835 17910863 2.5561096
2131 1834 17910869 2.5561096
2132 1830 17910875 2.5561096
2128 1838 17910881 2.5561096
2135 1832 17910886 2.5561096
2136 1834 17910892 2.5561096
2134 1835 17910898 2.5561096
2134 1833 17910904 2.5561096
2134 1832 17910910 2.5561096
2133 1836 17910916 2.5561096
2135 1834 17910921 2.5561096
2124 1831 17910927 2.5561096
2132 1831 17910933 2.5561096
2128 1827 17910939 2.5561096
2135 1830 17910945 2.5561096
2134 1831 17910951 2.5561096
2130 1829 17910957 2.5561096
2133 1832 17910962 2.5561096
2129 1834 17910968 2.5561096
2130 1831 17910974 2.5561096
2134 1831 17910980 2.5561096
2131 1830 17910986 2.5561096
2132 1832 17910992 2.5561096
2134 1830 17910999 2.5561096
2128 1836 17911005 2.5561096
2135 1837 17911011 2.5561096
2135 1830 17911017 2.5561096
2137 1831 17911022 2.5561096
2132 1832 17911028 2.5561096
2129 1835 17911034 2.5561096
2133 1834 17911040 2.5561096
2136 1834 17911046 2.5561096
2134 1834 17911052 2.5561096
2135 1830 17911057 2.5561096
2137 1834 17911063 2.5561096
2137 1841 17911069 2.5561096
2133 1840 17911075 2.5561096
2132 1834 17911081 2.5561096
2138 1836 17911087 2.5561096
2138 1836 17911092 2.5561096
2139 1837 17911098 2.5561096
2134 1835 17911104 2.5561096
2139 1835 17911110 2.5561096
2135 1837 17911116 2.5561096
2133 1835 17911122 2.5561096
2138 1833 17911127 2.5561096
2136 1835 17911133 2.5561096
2137 1837 17911139 2.5561096
2136 1835 17911145 2.5561096
2135 1836 17911151 2.5561096
2132 1830 17911157 2.5561096
2134 1836 17911162 2.5561096
2130 1838 17911168 2.5561096
2129 1831 17911174 2.5561096
2130 1831 17911180 2.5561096
2129 1834 17911186 2.5561096
2131 1823 17911192 2.5561096
2130 1833 17911197 2.5561096
2133 1832 17911203 2.5561096
2129 1831 17911209 2.5561096
2134 1840 17911215 2.5561096
2132 1831 17911221 2.5561096
2135 1827 17911227 2.5561096
2131 1826 17911233 2.5561096
2131 1835 17911238 2.5561096
2134 1835 17911244 2.5561096
2133 1833 17911250 2.5561096
2130 1831 17911256 2.5561096
2130 1836 17911262 2.5561096
2132 1831 17911268 2.5561096
2128 1837 17911273 2.5561096
2145 1837 17911279 2.5561096
2140 1841 17911285 2.5561096
2136 1840 17911291 2.5561096
2137 1837 17911297 2.5561096
2141 1837 17911303 2.5561096
2141 1839 17911308 2.5561096
2133 1838 17911314 2.5561096
2142 1835 17911320 2.5561096
2140 1837 17911326 2.5561096
2132 1837 17911332 2.5561096
2138 1832 17911338 2.5561096
2138 1840 17911343 2.5561096
2138 1840 17911349 2.5561096
2135 1836 17911355 2.5561096
2133 1839 17911361 2.5561096
2139 1840 17911367 2.5561096
2141 1836 17911373 2.5561096
2136 1834 17911378 2.5561096
2141 1844 17911384 2.5561096
2135 1837 17911390 2.5561096
2132 1833 17911396 2.5561096
2135 1836 17911402 2.5561096
2135 1840 17911408 2.5561096
2138 1835 17911414 2.5561096
2134 1830 17911419 2.5561096
2136 1832 17911425 2.5561096
2134 1829 17911431 2.5561096
2131 1829 17911437 2.5561096
2125 1829 17911443 2.5561096
2128 1827 17911449 2.5561096
2126 1829 17911454 2.5561096
2128 1829 17911460 2.5561096
2133 1832 17911466 2.5561096
2131 1828 17911472 2.5561096
2129 1831 17911478 2.5561096
2128 1831 17911484 2.5561096
2131 1831 17911490 2.5561096
2128 1829 17911495 2.5561096
2132 1830 17911501 2.5561096
2134 1828 17911507 2.5561096
2132 1830 17911513 2.5561096
2133 1831 17911519 2.5561096
2133 1834 17911525 2.5561096
2137 1832 17911530 2.5561096
2135 1836 17911536 2.5561096
2136 1838 17911542 2.5561096
2140 1833 17911548 2.5561096
2132 1836 17911554 2.5561096
2134 1834 17911560 2.5561096
2131 1830 17911566 2.5561096
2131 1835 17911571 2.5561096
2135 1838 17911577 2.5561096
2135 1832 17911583 2.5561096
2136 1836 17911589 2.5561096
2139 1837 17911595 2.5561096
2136 1833 17911601 2.5561096
2135 1836 17911607 2.5561096
2134 1831 17911612 2.5561096
2131 1836 17911618 2.5561096
2134 1830 17911624 2.5561096
2134 1831 17911630 2.5561096
2139 1833 17911636 2.5561096
2129 1828 17911642 2.5561096
2135 1834 17911647 2.5561096
2135 1837 17911653 2.5561096
2131 1833 17911659 2.5561096
2133 1830 17911665 2.5561096
2135 1834 17911671 2.5561096
2127 1823 17911677 2.5561096
2123 1825 17911683 2.5561096
2129 1829 17911688 2.5561096
2133 1834 17911694 2.5561096
2130 1827 17911700 2.5561096
2132 1835 17911706 2.5561096
2130 1832 17911712 2.5561096
2131 1829 17911718 2.5561096
2131 1827 17911724 2.5561096
2132 1830 17911729 2.5561096
2129 1826 17911735 2.5561096
2130 1823 17911741 2.5561096
2129 1828 17911747 2.5561096
2132 1828 17911753 2.5561096
2126 1830 17911759 2.5561096
2129 1832 17911764 2.5561096
2134 1834 17911770 2.5561096
2132 1830 17911776 2.5561096
2134 1831 17911782 2.5561096
2132 1830 17911788 2.5561096
2132 1830 17911794 2.5561096
2130 1832 17911800 2.5561096
2136 1833 17911805 2.5561096
2131 1834 17911811 2.5561096
2137 1837 17911817 2.5561096
2140 1839 17911823 2.5561096
2137 1836 17911829 2.5561096
2131 1836 17911835 2.5561096
2138 1840 17911841 2.5561096
2136 1836 17911846 2.5561096
2137 1832 17911852 2.5561096
2137 1833 17911858 2.5561096
2133 1836 17911864 2.5561096
2134 1830 17911870 2.5561096
2137 1833 17911876 2.5561096
2136 1836 17911881 2.5561096
2134 1832 17911887 2.5561096
2134 1834 17911893 2.5561096
2138 1829 17911899 2.5561096
2126 1833 17911905 2.5561096
2130 1833 17911911 2.5561096
2135 1834 17911917 2.5561096
2132 1829 17911922 2.5561096
2128 1831 17911928 2.5561096
2129 1828 17911934 2.5561096
2137 1832 17911940 2.5561096
2129 1815 17911946 2.5561096
2130 1834 17911952 2.5561096
2133 1832 17911958 2.5561096
2128 1820 17911963 2.5561096
2131 1829 17911969 2.5561096
2132 1833 17911975 2.5561096
2130 1827 17911981 2.5561096
2131 1834 17911987 2.5561096
2133 1831 17911993 2.5561096
2130 1834 17912000 2.5561096
2129 1829 17912005 2.5561096
2129 1831 17912011 2.5561096
2130 1832 17912017 2.5561096
2125 1828 17912023 2.5561096
2132 1829 17912029 2.5561096
2135 1832 17912035 2.5561096
2131 1829 17912041 2.5561096
2130 1832 17912046 2.5561096
2132 1830 17912052 2.5561096
2137 1837 17912058 2.5561096
2135 1835 17912064 2.5561096
2135 1835 17912070 2.5561096
2137 1836 17912076 2.5561096
2133 1832 17912081 2.5561096
2142 1838 17912087 2.5561096
2137 1829 17912093 2.5561096
2137 1834 17912099 2.5561096
2130 1833 17912105 2.5561096
2132 1832 17912111 2.5561096
2134 1832 17912117 2.5561096
2134 1835 17912122 2.5561096
2131 1833 17912128 2.5561096
2138 1833 17912134 2.5561096
2135 1835 17912140 2.5561096
2135 1836 17912146 2.5561096
2131 1833 17912152 2.5561096
2133 1834 17912158 2.5561096
2133 1829 17912163 2.5561096
2137 1835 17912169 2.5561096
2130 1836 17912175 2.5561096
2132 1828 17912181 2.5561096
2133 1825 17912187 2.5561096
2130 1831 17912193 2.5561096
2132 1830 17912198 2.5561096
2131 1830 17912204 2.5561096
2129 1833 17912210 2.5561096
2130 1831 17912216 2.5561096
2132 1828 17912222 2.5561096
2128 1829 17912228 2.5561096
2134 1831 17912234 2.5561096
2131 1833 17912239 2.5561096
2131 1836 17912245 2.5561096
2131 1830 17912251 2.5561096
2128 1831 17912257 2.5561096
2133 1828 17912263 2.5561096
2133 1835 17912269 2.5561096
2131 1833 17912275 2.5561096
2130 1829 17912280 2.5561096
2131 1835 17912286 2.5561096
2138 1832 17912292 2.5561096
2131 1833 17912298 2.5561096
2141 1835 17912304 2.5561096
2138 1835 17912310 2.5561096
2137 1838 17912315 2.5561096
2136 1836 17912321 2.5561096
2133 1838 17912327 2.5561096
2130 1834 17912333 2.5561096
2129 1828 17912339 2.5561096
2131 1832 17912345 2.5561096
2140 1831 17912351 2.5561096
2134 1829 17912356 2.5561096
2136 1828 17912362 2.5561096
2131 1830 17912368 2.5561096
2131 1827 17912374 2.5561096
2129 1832 17912380 2.5561096
2133 1834 17912386 2.5561096
2130 1831 17912392 2.5561096
2125 1830 17912397 2.5561096
2132 1834 17912403 2.5561096
2132 1831 17912409 2.5561096
2133 1831 17912415 2.5561096
2135 1832 17912421 2.5561096
2130 1828 17912427 2.5561096
2128 1827 17912432 2.5561096
2130 1835 17912438 2.5561096
2122 1831 17912444 2.5561096
2132 1831 17912450 2.5561096
2130 1828 17912456 2.5561096
2132 1832 17912462 2.5561096
2132 1831 17912468 2.5561096
2130 1830 17912473 2.5561096
2134 1830 17912479 2.5561096
2128 1829 17912485 2.5561096
2127 1828 17912491 2.5561096
2129 1830 17912497 2.5561096
2134 1833 17912503 2.5561096
2133 1831 17912509 2.5561096
2133 1833 17912514 2.5561096
2133 1829 17912520 2.5561096
2133 1831 17912526 2.5561096
2136 1835 17912532 2.5561096
2131 1833 17912538 2.5561096
2141 1832 17912544 2.5561096
2133 1832 17912549 2.5561096
2133 1833 17912555 2.5561096
2137 1831 17912561 2.5561096
2134 1837 17912567 2.5561096
2134 1834 17912573 2.5561096
2136 1838 17912579 2.5561096
2133 1831 17912585 2.5561096
2136 1834 17912590 2.5561096
2137 1835 17912596 2.5561096
2136 1830 17912602 2.5561096
2135 1830 17912608 2.5561096
2131 1832 17912614 2.5561096
2129 1834 17912620 2.5561096
2134 1833 17912625 2.5561096
2131 1830 17912631 2.5561096
2133 1831 17912637 2.5561096
2127 1829 17912643 2.5561096
2128 1831 17912649 2.5561096
2129 1828 17912655 2.5561096
2129 1831 17912661 2.5561096
2133 1828 17912666 2.5561096
2132 1832 17912672 2.5561096
2128 1826 17912678 2.5561096
2129 1829 17912684 2.5561096
2132 1834 17912690 2.5561096
2131 1829 17912696 2.5561096
2130 1833 17912702 2.5561096
2135 1833 17912707 2.5561096
2132 1833 17912713 2.5561096
2132 1831 17912719 2.5561096
2130 1831 17912725 2.5561096
2135 1831 17912731 2.5561096
2132 1831 17912737 2.5561096
2134 1832 17912742 2.5561096
2131 1831 17912748 2.5561096
2132 1837 17912754 2.5561096
2132 1835 17912760 2.5561096
2134 1833 17912766 2.5561096
2134 1831 17912772 2.5561096
2136 1834 17912778 2.5561096
2136 1831 17912783 2.5561096
2132 1836 17912789 2.5561096
2132 1835 17912795 2.5561096
2136 1835 17912801 2.5561096
2136 1832 17912807 2.5561096
2134 1834 17912813 2.5561096
2139 1837 17912819 2.5561096
2131 1835 17912824 2.5561096
2135 1836 17912830 2.5561096
2137 1837 17912836 2.5561096
2132 1833 17912842 2.5561096
2136 1830 17912848 2.5561096
2133 1830 17912854 2.5561096
2133 1832 17912859 2.5561096
2127 1830 17912865 2.5561096
2133 1831 17912871 2.5561096
2135 1832 17912877 2.5561096
2130 1834 17912883 2.5561096
2134 1833 17912889 2.5561096
2131 1831 17912895 2.5561096
2134 1832 17912900 2.5561096
2132 1830 17912906 2.5561096
2127 1825 17912912 2.5561096
2133 1832 17912918 2.5561096
2133 1831 17912924 2.5561096
2135 1835 17912930 2.5561096
2129 1832 17912936 2.5561096
2130 1832 17912941 2.5561096
2136 1829 17912947 2.5561096
2131 1833 17912953 2.5561096
2132 1831 17912959 2.5561096
2130 1827 17912965 2.5561096
2129 1828 17912971 2.5561096
2132 1830 17912976 2.5561096
2130 1829 17912982 2.5561096
2133 1834 17912988 2.5561096
2132 1831 17912994 2.5561096
2136 1835 17913001 2.5561096
2135 1832 17913007 2.5561096
2131 1831 17913013 2.5561096
2129 1832 17913018 2.5561096
2137 1834 17913024 2.5561096
2133 1831 17913030 2.5561096
2135 1832 17913036 2.5561096
2134 1834 17913042 2.5561096
2133 1833 17913048 2.5561096
2136 1835 17913054 2.5561096
2135 1835 17913059 2.5561096
2132 1833 17913065 2.5561096
2134 1830 17913071 2.5561096
2133 1830 17913077 2.5561096
2129 1834 17913083 2.5561096
2132 1833 17913089 2.5561096
2132 1831 17913095 2.5561096
2135 1837 17913100 2.5561096
2133 1835 17913106 2.5561096
2134 1834 17913112 2.5561096
2133 1832 17913118 2.5561096
2134 1837 17913124 2.5561096
2132 1835 17913130 2.5561096
2131 1828 17913135 2.5561096
2131 1832 17913141 2.5561096
2134 1833 17913147 2.5561096
2132 1833 17913153 2.5561096
2134 1834 17913159 2.5561096
2133 1832 17913165 2.5561096
2134 1835 17913171 2.5561096
2133 1830 17913176 2.5561096
2132 1834 17913182 2.5561096
2137 1830 17913188 2.5561096
2132 1833 17913194 2.5561096
2134 1830 17913200 2.5561096
2128 1826 17913206 2.5561096
2125 1832 17913211 2.5561096
2131 1822 17913217 2.5561096
2135 1831 17913223 2.5561096
2134 1835 17913229 2.5561096
2129 1830 17913235 2.5561096
2135 1836 17913241 2.5561096
2131 1838 17913247 2.5561096
2135 1831 17913252 2.5561096
2129 1828 17913258 2.5561096
2130 1833 17913264 2.5561096
2136 1830 17913270 2.5561096
2133 1830 17913276 2.5561096
2132 1836 17913282 2.5561096
2137 1829 17913288 2.5561096
2143 1835 17913293 2.5561096
2133 1836 17913299 2.5561096
2140 1835 17913305 2.5561096
2132 1836 17913311 2.5561096
2135 1837 17913317 2.5561096
2133 1832 17913323 2.5561096
2129 1832 17913328 2.5561096
2132 1837 17913334 2.5561096
2134 1830 17913340 2.5561096
2131 1836 17913346 2.5561096
2133 1836 17913352 2.5561096
2135 1838 17913358 2.5561096
2138 1841 17913364 2.5561096
2135 1825 17913369 2.5561096
2132 1836 17913375 2.5561096
2130 1833 17913381 2.5561096
2136 1839 17913387 2.5561096
2133 1828 17913393 2.5561096
2137 1835 17913399 2.5561096
2136 1829 17913405 2.5561096
2134 1836 17913410 2.5561096
2134 1836 17913416 2.5561096
2136 1834 17913422 2.5561096
2132 1829 17913428 2.5561096
2133 1830 17913434 2.5561096
2133 1825 17913440 2.5561096
2133 1830 17913445 2.5561096
2126 1824 17913451 2.5561096
2130 1829 17913457 2.5561096
2134 1831 17913463 2.5561096
2132 1835 17913469 2.5561096
2136 1832 17913475 2.5561096
2135 1835 17913481 2.5561096
2131 1831 17913486 2.5561096
2130 1833 17913492 2.5561096
2128 1829 17913498 2.5561096
2131 1826 17913504 2.5561096
2130 1831 17913510 2.5561096
2134 1826 17913516 2.5561096
2131 1830 17913522 2.5561096
2136 1830 17913527 2.5561096
2140 1835 17913533 2.5561096
2138 1835 17913539 2.5561096
2134 1835 17913545 2.5561096
2134 1830 17913551 2.5561096
2131 1830 17913557 2.5561096
2135 1837 17913562 2.5561096
2134 1831 17913568 2.5561096
2139 1838 17913574 2.5561096
2137 1839 17913580 2.5561096
2138 1836 17913586 2.5561096
2140 1838 17913592 2.5561096
2141 1836 17913598 2.5561096
2140 1836 17913603 2.5561096
2133 1838 17913609 2.5561096
2133 1837 17913615 2.5561096
2136 1834 17913621 2.5561096
2135 1834 17913627 2.5561096
2137 1837 17913633 2.5561096
2137 1842 17913638 2.5561096
2138 1840 17913644 2.5561096
2138 1837 17913650 2.5561096
2142 1838 17913656 2.5561096
2138 1838 17913662 2.5561096
2139 1834 17913668 2.5561096
2132 1832 17913674 2.5561096
2132 1836 17913679 2.5561096
2130 1830 17913685 2.5561096
2131 1837 17913691 2.5561096
2137 1832 17913697 2.5561096
2140 1834 17913703 2.5561096
2134 1835 17913709 2.5561096
2132 1831 17913715 2.5561096
2134 1836 17913720 2.5561096
2134 1833 17913726 2.5561096
2133 1830 17913732 2.5561096
2133 1832 17913738 2.5561096
2133 1831 17913744 2.5561096
2130 1833 17913750 2.5561096
2134 1830 17913755 2.5561096
2134 1831 17913761 2.5561096
2137 1833 17913767 2.5561096
2135 1836 17913773 2.5561096
2142 1836 17913779 2.5561096
2133 1833 17913785 2.5561096
2134 1835 17913791 2.5561096
2137 1833 17913796 2.5561096
2129 1830 17913802 2.5561096
2134 1833 17913808 2.5561096
2135 1832 17913814 2.5561096
2131 1831 17913820 2.5561096
2133 1834 17913826 2.5561096
2135 1836 17913832 2.5561096
2140 1838 17913837 2.5561096
2137 1834 17913843 2.5561096
2136 1837 17913849 2.5561096
2136 1836 17913855 2.5561096
2131 1831 17913861 2.5561096
2132 1833 17913867 2.5561096
2127 1832 17913872 2.5561096
2132 1829 17913878 2.5561096
2129 1827 17913884 2.5561096
2136 1835 17913890 2.5561096
2135 1836 17913896 2.5561096
2134 1836 17913902 2.5561096
2133 1834 17913908 2.5561096
2132 1835 17913913 2.5561096
2136 1837 17913919 2.5561096
2133 1832 17913925 2.5561096
2129 1827 17913931 2.5561096
2128 1829 17913937 2.5561096
2130 1830 17913943 2.5561096
2135 1834 17913949 2.5561096
2133 1833 17913954 2.5561096
2135 1834 17913960 2.5561096
2138 1831 17913966 2.5561096
2138 1835 17913972 2.5561096
2141 1838 17913978 2.5561096
2134 1844 17913984 2.5561096
2133 1839 17913989 2.5561096
2132 1834 17913995 2.5561096
2133 1829 17914002 2.5561096
2136 1831 17914008 2.5561096
2130 1832 17914014 2.5561096
2136 1834 17914020 2.5561096
2140 1840 17914026 2.5561096
2140 1834 17914032 2.5561096
2144 1839 17914037 2.5561096
2139 1839 17914043 2.5561096
2136 1837 17914049 2.5561096
2137 1837 17914055 2.5561096
2136 1834 17914061 2.5561096
2134 1835 17914067 2.5561096
2134 1837 17914072 2.5561096
2142 1837 17914078 2.5561096
2140 1843 17914084 2.5561096
2137 1835 17914090 2.5561096
2138 1840 17914096 2.5561096
2140 1834 17914102 2.5561096
2135 1838 17914108 2.5561096
2136 1840 17914113 2.5561096
2139 1834 17914119 2.5561096
2143 1834 17914125 2.5561096
2138 1842 17914131 2.5561096
2139 1836 17914137 2.5561096
2133 1835 17914143 2.5561096
2136 1830 17914149 2.5561096
2131 1831 17914154 2.5561096
2125 1829 17914160 2.5561096
2135 1836 17914166 2.5561096
2139 1833 17914172 2.5561096
2134 1836 17914178 2.5561096
2138 1839 17914184 2.5561096
2136 1837 17914189 2.5561096
2135 1835 17914195 2.5561096
2137 1837 17914201 2.5561096
2133 1835 17914207 2.5561096
2132 1832 17914213 2.5561096
2133 1828 17914219 2.5561096
2129 1827 17914225 2.5561096
2126 1828 17914230 2.5561096
2132 1833 17914236 2.5561096
2135 1831 17914242 2.5561096
2137 1837 17914248 2.5561096
2136 1835 17914254 2.5561096
2139 1839 17914260 2.5561096
2138 1833 17914266 2.5561096
2134 1834 17914271 2.5561096
2132 1835 17914277 2.5561096
2136 1839 17914283 2.5561096
2135 1832 17914289 2.5561096
2138 1833 17914295 2.5561096
2138 1834 17914301 2.5561096
2133 1834 17914306 2.5561096
2135 1838 17914312 2.5561096
2139 1839 17914318 2.5561096
2134 1839 17914324 2.5561096
2137 1836 17914330 2.5561096
2142 1838 17914336 2.5561096
2140 1840 17914342 2.5561096
2135 1839 17914347 2.5561096
2137 1835 17914353 2.5561096
2136 1840 17914359 2.5561096
2138 1833 17914365 2.5561096
2141 1840 17914371 2.5561096
2139 1857 17914377 2.5561096
2141 1838 17914383 2.5561096
2138 1837 17914388 2.5561096
2136 1839 17914394 2.5561096
2137 1834 17914400 2.5561096
2135 1840 17914406 2.5561096
2137 1833 17914412 2.5561096
2138 1836 17914418 2.5561096
2135 1835 17914423 2.5561096
2132 1839 17914429 2.5561096
2135 1833 17914435 2.5561096
2137 1835 17914441 2.5561096
2134 1832 17914447 2.5561096
2138 1835 17914453 2.5561096
2135 1828 17914459 2.5561096
2133 1829 17914464 2.5561096
2137 1832 17914470 2.5561096
2133 1835 17914476 2.5561096
2135 1834 17914482 2.5561096
2136 1832 17914488 2.5561096
2133 1834 17914494 2.5561096
2135 1832 17914500 2.5561096
2134 1835 17914505 2.5561096
2128 1836 17914511 2.5561096
2132 1830 17914517 2.5561096
2134 1833 17914523 2.5561096
2131 1829 17914529 2.5561096
2129 1832 17914535 2.5561096
2134 1835 17914540 2.5561096
2137 1834 17914546 2.5561096
2137 1834 17914552 2.5561096
2141 1835 17914558 2.5561096
2136 1833 17914564 2.5561096
2136 1836 17914570 2.5561096
2138 1839 17914576 2.5561096
2136 1837 17914581 2.5561096
2133 1833 17914587 2.5561096
2136 1833 17914593 2.5561096
2135 1834 17914599 2.5561096
2137 1831 17914605 2.5561096
2140 1837 17914611 2.5561096
2139 1838 17914616 2.5561096
2140 1840 17914622 2.5561096
2140 1835 17914628 2.5561096
2139 1834 17914634 2.5561096
2138 1839 17914640 2.5561096
2136 1838 17914646 2.5561096
2137 1837 17914652 2.5561096
2138 1826 17914657 2.5561096
2136 1837 17914663 2.5561096
2135 1835 17914669 2.5561096
2136 1835 17914675 2.5561096
2130 1831 17914681 2.5561096
2132 1835 17914687 2.5561096
2138 1831 17914693 2.5561096
2135 1830 17914698 2.5561096
2140 1831 17914704 2.5561096
2132 1835 17914710 2.5561096
2130 1829 17914716 2.5561096
2136 1832 17914722 2.5561096
2131 1833 17914728 2.5561096
2137 1832 17914733 2.5561096
2134 1828 17914739 2.5561096
2128 1833 17914745 2.5561096
2132 1837 17914751 2.5561096
2136 1834 17914757 2.5561096
2126 1833 17914763 2.5561096
2133 1831 17914769 2.5561096
2127 1825 17914774 2.5561096
2130 1832 17914780 2.5561096
2135 1835 17914786 2.5561096
2133 1833 17914792 2.5561096
2137 1837 17914798 2.5561096
2136 1836 17914804 2.5561096
2136 1836 17914810 2.5561096
2137 1831 17914815 2.5561096
2133 1835 17914821 2.5561096
2138 1839 17914827 2.5561096
2133 1834 17914833 2.5561096
2134 1833 17914839 2.5561096
2139 1833 17914845 2.5561096
2137 1836 17914850 2.5561096
2139 1837 17914856 2.5561096
2138 1840 17914862 2.5561096
2139 1835 17914868 2.5561096
2141 1836 17914874 2.5561096
2136 1840 17914880 2.5561096
2137 1838 17914886 2.5561096
2133 1839 17914891 2.5561096
2133 1837 17914897 2.5561096
2139 1835 17914903 2.5561096
2137 1838 17914909 2.5561096
2133 1838 17914915 2.5561096
2135 1834 17914921 2.5561096
2132 1835 17914927 2.5561096
2133 1835 17914932 2.5561096
2134 1838 17914938 2.5561096
2132 1829 17914944 2.5561096
2132 1829 17914950 2.5561096
2128 1832 17914956 2.5561096
2131 1833 17914962 2.5561096
2134 1834 17914967 2.5561096
2133 1830 17914973 2.5561096
2133 1831 17914979 2.5561096
2133 1833 17914985 2.5561096
2131 1829 17914991 2.5561096
2134 1834 17914997 2.5561096
2130 1830 17915004 2.5561096
2130 1831 17915010 2.5561096
2133 1830 17915015 2.5561096
2133 1827 17915021 2.5561096
2133 1833 17915027 2.5561096
2134 1835 17915033 2.5561096
2134 1834 17915039 2.5561096
2133 1837 17915045 2.5561096
2132 1834 17915051 2.5561096
2137 1833 17915056 2.5561096
2142 1836 17915062 2.5561096
2135 1836 17915068 2.5561096
2139 1828 17915074 2.5561096
2135 1836 17915080 2.5561096
2134 1835 17915086 2.5561096
2135 1832 17915092 2.5561096
2132 1833 17915097 2.5561096
2135 1837 17915103 2.5561096
2136 1836 17915109 2.5561096
2137 1835 17915115 2.5561096
2138 1839 17915121 2.5561096
2137 1835 17915127 2.5561096
2138 1833 17915132 2.5561096
2134 1835 17915138 2.5561096
2136 1833 17915144 2.5561096
2132 1834 17915150 2.5561096
2135 1832 17915156 2.5561096
2135 1833 17915162 2.5561096
2133 1834 17915168 2.5561096
2134 1832 17915173 2.5561096
2134 1835 17915179 2.5561096
2133 1831 17915185 2.5561096
2135 1832 17915191 2.5561096
2137 1834 17915197 2.5561096
2132 1835 17915203 2.5561096
2130 1830 17915208 2.5561096
2129 1835 17915214 2.5561096
2134 1830 17915220 2.5561096
2135 1831 17915226 2.5561096
2134 1832 17915232 2.5561096
2131 1831 17915238 2.5561096
2133 1833 17915244 2.5561096
2135 1832 17915249 2.5561096
2139 1836 17915255 2.5561096
2131 1838 17915261 2.5561096
2138 1837 17915267 2.5561096
2141 1838 17915273 2.5561096
2134 1832 17915279 2.5561096
2134 1838 17915285 2.5561096
2136 1835 17915290 2.5561096
2137 1832 17915296 2.5561096
2135 1832 17915302 2.5561096
2134 1831 17915308 2.5561096
2135 1834 17915314 2.5561096
2133 1832 17915320 2.5561096
2135 1835 17915325 2.5561096
2135 1835 17915331 2.5561096
2135 1834 17915337 2.5561096
2139 1839 17915343 2.5561096
2134 1837 17915349 2.5561096
2135 1836 17915355 2.5561096
2137 1832 17915361 2.5561096
2133 1834 17915366 2.5561096
2134 1833 17915372 2.5561096
2130 1828 17915378 2.5561096
2131 1829 17915384 2.5561096
2132 1832 17915390 2.5561096
2133 1829 17915396 2.5561096
2135 1828 17915402 2.5561096
2129 1826 17915407 2.5561096
2132 1830 17915413 2.5561096
2133 1832 17915419 2.5561096
2131 1832 17915425 2.5561096
2134 1833 17915431 2.5561096
2128 1827 17915437 2.5561096
2127 1831 17915442 2.5561096
2132 1828 17915448 2.5561096
2128 1829 17915454 2.5561096
2133 1826 17915460 2.5561096
2134 1833 17915466 2.5561096
2132 1833 17915472 2.5561096
2133 1833 17915478 2.5561096
2128 1838 17915483 2.5561096
2137 1834 17915489 2.5561096
2132 1834 17915495 2.5561096
2135 1834 17915501 2.5561096
2134 1835 17915507 2.5561096
2133 1835 17915513 2.5561096
2135 1832 17915519 2.5561096
2136 1834 17915524 2.5561096
2132 1832 17915530 2.5561096
2135 1829 17915536 2.5561096
2130 1831 17915542 2.5561096
2135 1834 17915548 2.5561096
2134 1831 17915554 2.5561096
2138 1829 17915559 2.5561096
2136 1834 17915565 2.5561096
2132 1832 17915571 2.5561096
2132 1837 17915577 2.5561096
2130 1833 17915583 2.5561096
2135 1837 17915589 2.5561096
2135 1832 17915595 2.5561096
2138 1836 17915600 2.5561096
2139 1830 17915606 2.5561096
2134 1834 17915612 2.5561096
2136 1839 17915618 2.5561096
2131 1836 17915624 2.5561096
2128 1832 17915630 2.5561096
2130 1825 17915635 2.5561096
2127 1829 17915641 2.5561096
2132 1830 17915647 2.5561096
2132 1835 17915653 2.5561096
2133 1831 17915659 2.5561096
2132 1834 17915665 2.5561096
2136 1833 17915671 2.5561096
2137 1830 17915676 2.5561096
2135 1833 17915682 2.5561096
2134 1832 17915688 2.5561096
2133 1836 17915694 2.5561096
2132 1834 17915700 2.5561096
2132 1833 17915706 2.5561096
2132 1829 17915712 2.5561096
2132 1831 17915717 2.5561096
2129 1834 17915723 2.5561096
2134 1834 17915729 2.5561096
2132 1833 17915735 2.5561096
2133 1833 17915741 2.5561096
2132 1834 17915747 2.5561096
2134 1831 17915752 2.5561096
2130 1835 17915758 2.5561096
2135 1832 17915764 2.5561096
2132 1829 17915770 2.5561096
2134 1834 17915776 2.5561096
2133 1830 17915782 2.5561096
2128 1828 17915788 2.5561096
2129 1832 17915793 2.5561096
2135 1827 17915799 2.5561096
2132 1830 17915805 2.5561096
2135 1831 17915811 2.5561096
2133 1835 17915817 2.5561096
2137 1835 17915823 2.5561096
2135 1828 17915829 2.5561096
2136 1835 17915834 2.5561096
2134 1836 17915840 2.5561096
2133 1830 17915846 2.5561096
2136 1834 17915852 2.5561096
2133 1832 17915858 2.5561096
2138 1835 17915864 2.5561096
2129 1828 17915869 2.5561096
2133 1833 17915875 2.5561096
2138 1832 17915881 2.5561096
2132 1832 17915887 2.5561096
2133 1833 17915893 2.5561096
2134 1830 17915899 2.5561096
2135 1833 17915905 2.5561096
2137 1832 17915910 2.5561096
2132 1832 17915916 2.5561096
2135 1829 17915922 2.5561096
2134 1836 17915928 2.5561096
2133 1834 17915934 2.5561096
2140 1833 17915940 2.5561096
2135 1832 17915946 2.5561096
2133 1834 17915951 2.5561096
2133 1835 17915957 2.5561096
2133 1835 17915963 2.5561096
2137 1836 17915969 2.5561096
2135 1834 17915975 2.5561096
2132 1835 17915981 2.5561096
2132 1835 17915986 2.5561096
2136 1834 17915992 2.5561096
2134 1832 17915999 2.5561096
2138 1838 17916005 2.5561096
2130 1832 17916011 2.5561096
2132 1833 17916017 2.5561096
2133 1834 17916023 2.5561096
2131 1834 17916029 2.5561096
2129 1830 17916034 2.5561096
2136 1832 17916040 2.5561096
2132 1830 17916046 2.5561096
2129 1826 17916052 2.5561096
2132 1829 17916058 2.5561096
2132 1832 17916064 2.5561096
2134 1834 17916070 2.5561096
2129 1834 17916075 2.5561096
2134 1829 17916081 2.5561096
2134 1831 17916087 2.5561096
2128 1830 17916093 2.5561096
2129 1833 17916099 2.5561096
2132 1834 17916105 2.5561096
2134 1829 17916110 2.5561096
2141 1831 17916116 2.5561096
2136 1834 17916122 2.5561096
2129 1830 17916128 2.5561096
2132 1834 17916134 2.5561096
2126 1833 17916140 2.5561096
2133 1831 17916146 2.5561096
2131 1829 17916151 2.5561096
2134 1833 17916157 2.5561096
2134 1832 17916163 2.5561096
2135 1834 17916169 2.5561096
2134 1835 17916175 2.5561096
2138 1838 17916181 2.5561096
2134 1832 17916187 2.5561096
2135 1834 17916192 2.5561096
2136 1832 17916198 2.5561096
2135 1834 17916204 2.5561096
2133 1832 17916210 2.5561096
2133 1833 17916216 2.5561096
2139 1836 17916222 2.5561096
2137 1836 17916227 2.5561096
2134 1839 17916233 2.5561096
2147 1835 17916239 2.5561096
2132 1837 17916245 2.5561096
2138 1828 17916251 2.5561096
2134 1832 17916257 2.5561096
2132 1836 17916263 2.5561096
2134 1837 17916268 2.5561096
2136 1838 17916274 2.5561096
2134 1831 17916280 2.5561096
2137 1835 17916286 2.5561096
2136 1832 17916292 2.5561096
2135 1834 17916298 2.5561096
2138 1833 17916303 2.5561096
2132 1831 17916309 2.5561096
2134 1836 17916315 2.5561096
2139 1832 17916321 2.5561096
2134 1833 17916327 2.5561096
2135 1836 17916333 2.5561096
2135 1834 17916339 2.5561096
2130 1832 17916344 2.5561096
2136 1836 17916350 2.5561096
2133 1833 17916356 2.5561096
2135 1837 17916362 2.5561096
2138 1835 17916368 2.5561096
2130 1832 17916374 2.5561096
2130 1835 17916380 2.5561096
2134 1832 17916385 2.5561096
2135 1829 17916391 2.5561096
2135 1830 17916397 2.5561096
2131 1834 17916403 2.5561096
2133 1832 17916409 2.5561096
2130 1828 17916415 2.5561096
2137 1835 17916420 2.5561096
2129 1832 17916426 2.5561096
2130 1835 17916432 2.5561096
2133 1832 17916438 2.5561096
2130 1835 17916444 2.5561096
2133 1832 17916450 2.5561096
2130 1832 17916456 2.5561096
2130 1831 17916461 2.5561096
2131 1831 17916467 2.5561096
2132 1833 17916473 2.5561096
2134 1830 17916479 2.5561096
2133 1835 17916485 2.5561096
2132 1835 17916491 2.5561096
2132 1835 17916497 2.5561096
2131 1836 17916502 2.5561096
2134 1829 17916508 2.5561096
2134 1829 17916514 2.5561096
2131 1830 17916520 2.5561096
2136 1838 17916526 2.5561096
2131 1834 17916532 2.5561096
2133 1836 17916537 2.5561096
2137 1831 17916543 2.5561096
2136 1832 17916549 2.5561096
2136 1834 17916555 2.5561096
2133 1833 17916561 2.5561096
2130 1833 17916567 2.5561096
2136 1834 17916573 2.5561096
2132 1830 17916578 2.5561096
2136 1831 17916584 2.5561096
2135 1833 17916590 2.5561096
2136 1835 17916596 2.5561096
2136 1835 17916602 2.5561096
2136 1832 17916608 2.5561096
2131 1832 17916614 2.5561096
2134 1831 17916619 2.5561096
2131 1833 17916625 2.5561096
2134 1834 17916631 2.5561096
2134 1831 17916637 2.5561096
2132 1835 17916643 2.5561096
2132 1837 17916649 2.5561096
2134 1837 17916654 2.5561096
2137 1836 17916660 2.5561096
2137 1838 17916666 2.5561096
2135 1837 17916672 2.5561096
2134 1836 17916678 2.5561096
2132 1836 17916684 2.5561096
2132 1836 17916690 2.5561096
2137 1832 17916695 2.5561096
2136 1834 17916701 2.5561096
2133 1831 17916707 2.5561096
2134 1833 17916713 2.5561096
2136 1836 17916719 2.5561096
2136 1838 17916725 2.5561096
2135 1838 17916730 2.5561096
2136 1836 17916736 2.5561096
2140 1833 17916742 2.5561096
2135 1834 17916748 2.5561096
2130 1830 17916754 2.5561096
2126 1830 17916760 2.5561096
2124 1831 17916766 2.5561096
2129 1826 17916771 2.5561096
2137 1830 17916777 2.5561096
2137 1836 17916783 2.5561096
2131 1832 17916789 2.5561096
2137 1839 17916795 2.5561096
2133 1838 17916801 2.5561096
2133 1830 17916807 2.5561096
2132 1834 17916812 2.5561096
2134 1830 17916818 2.5561096
2133 1831 17916824 2.5561096
2129 1829 17916830 2.5561096
2130 1830 17916836 2.5561096
2135 1834 17916842 2.5561096
2131 1832 17916847 2.5561096
2137 1835 17916853 2.5561096
2134 1835 17916859 2.5561096
2131 1836 17916865 2.5561096
2132 1832 17916871 2.5561096
2130 1827 17916877 2.5561096
2134 1827 17916883 2.5561096
2130 1833 17916888 2.5561096
2131 1834 17916894 2.5561096
2135 1833 17916900 2.5561096
2136 1838 17916906 2.5561096
2137 1836 17916912 2.5561096
2136 1836 17916918 2.5561096
2131 1832 17916924 2.5561096
2138 1836 17916929 2.5561096
2131 1834 17916935 2.5561096
2136 1830 17916941 2.5561096
2133 1834 17916947 2.5561096
2133 1834 17916953 2.5561096
2140 1839 17916959 2.5561096
2136 1835 17916964 2.5561096
2137 1837 17916970 2.5561096
2141 1840 17916976 2.5561096
2130 1832 17916982 2.5561096
2131 1826 17916988 2.5561096
2133 1832 17916994 2.5561096
2133 1831 17917001 2.5561096
2132 1833 17917007 2.5561096
2131 1834 17917012 2.5561096
2140 1836 17917018 2.5561096
2136 1836 17917024 2.5561096
2139 1833 17917030 2.5561096
2137 1835 17917036 2.5561096
2134 1832 17917042 2.5561096
2131 1830 17917048 2.5561096
2130 1830 17917053 2.5561096
2132 1835 17917059 2.5561096
2131 1834 17917065 2.5561096
2131 1829 17917071 2.5561096
2134 1834 17917077 2.5561096
2134 1840 17917083 2.5561096
2135 1833 17917088 2.5561096
2133 1836 17917094 2.5561096
2132 1832 17917100 2.5561096
2135 1837 17917106 2.5561096
2132 1834 17917112 2.5561096
2131 1830 17917118 2.5561096
2128 1832 17917124 2.5561096
2131 1825 17917129 2.5561096
2131 1829 17917135 2.5561096
2135 1834 17917141 2.5561096
2138 1837 17917147 2.5561096
2138 1839 17917153 2.5561096
2139 1837 17917159 2.5561096
2138 1838 17917165 2.5561096
2138 1836 17917170 2.5561096
2136 1836 17917176 2.5561096
2137 1837 17917182 2.5561096
2136 1827 17917188 2.5561096
2136 1838 17917194 2.5561096
2137 1834 17917200 2.5561096
2139 1838 17917205 2.5561096
2137 1841 17917211 2.5561096
2136 1837 17917217 2.5561096
2137 1839 17917223 2.5561096
2140 1836 17917229 2.5561096
2137 1834 17917235 2.5561096
2135 1836 17917241 2.5561096
2135 1836 17917246 2.5561096
2134 1830 17917252 2.5561096
2130 1831 17917258 2.5561096
2134 1831 17917264 2.5561096
2127 1830 17917270 2.5561096
2121 1829 17917276 2.5561096
2131 1832 17917282 2.5561096
2132 1832 17917287 2.5561096
2133 1837 17917293 2.5561096
2129 1832 17917299 2.5561096
2133 1833 17917305 2.5561096
2132 1837 17917311 2.5561096
2126 1830 17917317 2.5561096
2127 1830 17917322 2.5561096
2125 1824 17917328 2.5561096
2125 1826 17917334 2.5561096
2125 1825 17917340 2.5561096
2120 1826 17917346 2.5561096
2131 1832 17917352 2.5561096
2131 1832 17917358 2.5561096
2136 1831 17917363 2.5561096
2132 1831 17917369 2.5561096
2133 1834 17917375 2.5561096
2130 1833 17917381 2.5561096
2128 1832 17917387 2.5561096
2130 1827 17917393 2.5561096
2128 1829 17917399 2.5561096
2128 1830 17917404 2.5561096
2124 1829 17917410 2.5561096
2130 1834 17917416 2.5561096
2138 1836 17917422 2.5561096
2135 1834 17917428 2.5561096
2139 1835 17917434 2.5561096
2137 1835 17917439 2.5561096
2135 1835 17917445 2.5561096
2134 1833 17917451 2.5561096
2133 1835 17917457 2.5561096
2135 1834 17917463 2.5561096
2137 1835 17917469 2.5561096
2134 1835 17917475 2.5561096
2130 1832 17917480 2.5561096
2144 1835 17917486 2.5561096
2134 1835 17917492 2.5561096
2138 1836 17917498 2.5561096
2137 1832 17917504 2.5561096
2133 1832 17917510 2.5561096
2134 1830 17917515 2.5561096
2127 1824 17917521 2.5561096
2133 1832 17917527 2.5561096
2130 1830 17917533 2.5561096
2127 1831 17917539 2.5561096
2131 1831 17917545 2.5561096
2129 1828 17917551 2.5561096
2131 1831 17917556 2.5561096
2131 1831 17917562 2.5561096
2129 1829 17917568 2.5561096
2129 1832 17917574 2.5561096
2128 1830 17917580 2.5561096
2125 1822 17917586 2.5561096
2122 1821 17917592 2.5561096
2124 1823 17917597 2.5561096
2128 1826 17917603 2.5561096
2132 1825 17917609 2.5561096
2122 1831 17917615 2.5561096
2130 1829 17917621 2.5561096
2126 1825 17917627 2.5561096
2128 1828 17917632 2.5561096
2132 1828 17917638 2.5561096
2131 1832 17917644 2.5561096
2130 1830 17917650 2.5561096
2131 1834 17917656 2.5561096
2126 1825 17917662 2.5561096
2126 1825 17917668 2.5561096
2132 1826 17917673 2.5561096
2130 1831 17917679 2.5561096
2134 1833 17917685 2.5561096
2133 1834 17917691 2.5561096
2134 1831 17917697 2.5561096
2132 1831 17917703 2.5561096
2130 1831 17917709 2.5561096
2132 1829 17917714 2.5561096
2134 1831 17917720 2.5561096
2134 1832 17917726 2.5561096
2135 1835 17917732 2.5561096
2135 1832 17917738 2.5561096
2129 1834 17917744 2.5561096
2129 1833 17917749 2.5561096
2133 1839 17917755 2.5561096
2133 1836 17917761 2.5561096
2132 1832 17917767 2.5561096
2136 1835 17917773 2.5561096
2133 1835 17917779 2.5561096
2130 1832 17917785 2.5561096
2134 1836 17917790 2.5561096
2134 1835 17917796 2.5561096
2128 1828 17917802 2.5561096
2129 1827 17917808 2.5561096
2134 1831 17917814 2.5561096
2130 1834 17917820 2.5561096
2131 1831 17917826 2.5561096
2134 1830 17917831 2.5561096
2131 1828 17917837 2.5561096
2127 1828 17917843 2.5561096
2126 1825 17917849 2.5561096
2132 1828 17917855 2.5561096
2128 1832 17917861 2.5561096
2135 1830 17917866 2.5561096
2134 1829 17917872 2.5561096
2132 1830 17917878 2.5561096
2130 1827 17917884 2.5561096
2128 1838 17917890 2.5561096
2130 1827 17917896 2.5561096
2126 1833 17917902 2.5561096
2128 1829 17917907 2.5561096
2130 1828 17917913 2.5561096
2132 1830 17917919 2.5561096
2129 1826 17917925 2.5561096
2131 1829 17917931 2.5561096
2129 1823 17917937 2.5561096
2129 1831 17917943 2.5561096
2135 1833 17917948 2.5561096
2131 1828 17917954 2.5561096
2136 1836 17917960 2.5561096
2132 1826 17917966 2.5561096
2132 1833 17917972 2.5561096
2133 1833 17917978 2.5561096
2133 1830 17917983 2.5561096
2133 1834 17917989 2.5561096
2135 1832 17917995 2.5561096
2137 1838 17918002 2.5561096
2132 1836 17918008 2.5561096
2132 1835 17918014 2.5561096
2131 1831 17918020 2.5561096
2134 1831 17918026 2.5561096
2133 1833 17918031 2.5561096
2135 1836 17918037 2.5561096
2130 1831 17918043 2.5561096
2133 1833 17918049 2.5561096
2129 1829 17918055 2.5561096
2128 1828 17918061 2.5561096
2130 1831 17918066 2.5561096
2125 1828 17918072 2.5561096
2130 1830 17918078 2.5561096
2134 1834 17918084 2.5561096
2131 1830 17918090 2.5561096
2130 1833 17918096 2.5561096
2130 1828 17918102 2.5561096
2128 1831 17918107 2.5561096
2127 1827 17918113 2.5561096
2127 1827 17918119 2.5561096
2126 1827 17918125 2.5561096
2132 1834 17918131 2.5561096
2127 1826 17918137 2.5561096
2130 1823 17918143 2.5561096
2130 1827 17918148 2.5561096
2126 1826 17918154 2.5561096
2128 1825 17918160 2.5561096
2128 1826 17918166 2.5561096
2132 1831 17918172 2.5561096
2130 1830 17918178 2.5561096
2127 1827 17918183 2.5561096
2129 1828 17918189 2.5561096
2125 1827 17918195 2.5561096
2134 1832 17918201 2.5561096
2131 1826 17918207 2.5561096
2133 1833 17918213 2.5561096
2134 1836 17918219 2.5561096
2132 1830 17918224 2.5561096
2128 1831 17918230 2.5561096
2133 1830 17918236 2.5561096
2133 1830 17918242 2.5561096
2132 1833 17918248 2.5561096
2132 1830 17918254 2.5561096
2132 1833 17918260 2.5561096
2135 1833 17918265 2.5561096
2130 1830 17918271 2.5561096
2132 1825 17918277 2.5561096
2124 1828 17918283 2.5561096
2121 1823 17918289 2.5561096
2133 1833 17918295 2.5561096
2133 1830 17918300 2.5561096
2135 1830 17918306 2.5561096
2129 1832 17918312 2.5561096
2131 1830 17918318 2.5561096
2131 1832 17918324 2.5561096
2126 1836 17918330 2.5561096
2129 1832 17918336 2.5561096
2132 1828 17918341 2.5561096
2126 1826 17918347 2.5561096
2130 1830 17918353 2.5561096
2131 1834 17918359 2.5561096
2132 1833 17918365 2.5561096
2134 1833 17918371 2.5561096
2130 1832 17918377 2.5561096
2127 1828 17918382 2.5561096
2131 1824 17918388 2.5561096
2129 1826 17918394 2.5561096
2132 1825 17918400 2.5561096
2127 1828 17918406 2.5561096
2129 1825 17918412 2.5561096
2131 1828 17918417 2.5561096
2132 1829 17918423 2.5561096
2128 1832 17918429 2.5561096
2128 1831 17918435 2.5561096
2132 1827 17918441 2.5561096
2127 1826 17918447 2.5561096
2125 1830 17918453 2.5561096
2117 1830 17918458 2.5561096
2127 1830 17918464 2.5561096
2133 1833 17918470 2.5561096
2132 1835 17918476 2.5561096
2136 1831 17918482 2.5561096
2130 1823 17918488 2.5561096
2130 1830 17918494 2.5561096
2133 1830 17918499 2.5561096
2130 1834 17918505 2.5561096
2128 1827 17918511 2.5561096
2131 1831 17918517 2.5561096
2127 1829 17918523 2.5561096
2129 1828 17918529 2.5561096
2129 1830 17918534 2.5561096
2127 1834 17918540 2.5561096
2135 1836 17918546 2.5561096
2131 1835 17918552 2.5561096
2131 1834 17918558 2.5561096
2131 1834 17918564 2.5561096
2129 1831 17918570 2.5561096
2130 1832 17918575 2.5561096
2132 1827 17918581 2.5561096
2130 1826 17918587 2.5561096
2127 1828 17918593 2.5561096
2130 1830 17918599 2.5561096
2127 1824 17918605 2.5561096
2133 1832 17918610 2.5561096
2129 1828 17918616 2.5561096
2132 1831 17918622 2.5561096
2132 1830 17918628 2.5561096
2129 1824 17918634 2.5561096
2125 1828 17918640 2.5561096
2133 1835 17918646 2.5561096
2128 1836 17918651 2.5561096
2127 1833 17918657 2.5561096
2132 1831 17918663 2.5561096
2131 1828 17918669 2.5561096
2124 1829 17918675 2.5561096
2132 1827 17918681 2.5561096
2129 1830 17918687 2.5561096
2134 1831 17918692 2.5561096
2133 1827 17918698 2.5561096
2131 1827 17918704 2.5561096
2131 1830 17918710 2.5561096
2134 1831 17918716 2.5561096
2129 1826 17918722 2.5561096
2135 1834 17918727 2.5561096
2128 1827 17918733 2.5561096
2131 1830 17918739 2.5561096
2133 1827 17918745 2.5561096
2134 1827 17918751 2.5561096
2135 1834 17918757 2.5561096
2130 1829 17918763 2.5561096
2132 1831 17918768 2.5561096
2130 1836 17918774 2.5561096
2131 1832 17918780 2.5561096
2132 1833 17918786 2.5561096
2132 1832 17918792 2.5561096
2127 1829 17918798 2.5561096
2131 1830 17918804 2.5561096
2128 1831 17918809 2.5561096
2132 1828 17918815 2.5561096
2133 1831 17918821 2.5561096
2133 1831 17918827 2.5561096
2132 1832 17918833 2.5561096
2130 1826 17918839 2.5561096
2126 1821 17918844 2.5561096
2129 1828 17918850 2.5561096
2128 1826 17918856 2.5561096
2131 1830 17918862 2.5561096
2130 1828 17918868 2.5561096
2128 1828 17918874 2.5561096
2127 1829 17918880 2.5561096
2131 1829 17918885 2.5561096
2123 1828 17918891 2.5561096
2126 1826 17918897 2.5561096
2129 1831 17918903 2.5561096
2127 1825 17918909 2.5561096
2132 1831 17918915 2.5561096
2128 1827 17918921 2.5561096
2127 1825 17918926 2.5561096
