2130 1828 19038295 2.556112
2126 1819 19038301 2.556112
2130 1827 19038307 2.556112
2127 1830 19038313 2.556112
2127 1826 19038319 2.556112
2125 1829 19038325 2.556112
2130 1828 19038330 2.556112
2130 1830 19038336 2.556112
2129 1828 19038342 2.556112
2130 1827 19038348 2.556112
2127 1829 19038354 2.556112
2129 1831 19038360 2.556112
2132 1830 17919003 2.556112
2128 1831 17919009 2.556112
2133 1829 17919015 2.556112
2132 1827 17919021 2.556112
2131 1830 17919027 2.556112
2132 1835 17919032 2.556112
2131 1830 17919038 2.556112
2136 1834 17919044 2.556112
2129 1830 17919050 2.556112
2131 1830 17919056 2.556112
2129 1832 17919062 2.556112
2127 1828 17919068 2.556112
2131 1829 17919073 2.556112
2131 1827 17919079 2.556112
2129 1832 17919085 2.556112
2131 1830 17919091 2.556112
2128 1828 17919097 2.556112
2132 1827 17919103 2.556112
2133 1826 17919108 2.556112
2128 1827 17919114 2.556112
2133 1831 17919120 2.556112
2129 1827 17919126 2.556112
2131 1830 17919132 2.556112
2133 1831 17919138 2.556112
2127 1826 17919143 2.556112
2129 1825 17919149 2.556112
2128 1823 17919155 2.556112
2129 1824 17919161 2.556112
2129 1824 17919167 2.556112
2127 1826 17919173 2.556112
2128 1830 17919178 2.556112
2126 1827 17919184 2.556112
2122 1829 17919190 2.556112
2129 1828 17919196 2.556112
2132 1828 17919202 2.556112
2126 1833 17919208 2.556112
2127 1828 17919213 2.556112
2131 1826 17919219 2.556112
2129 1833 17919225 2.556112
2124 1827 17919231 2.556112
2129 1823 17919237 2.556112
2130 1830 17919243 2.556112
2127 1824 17919248 2.556112
2128 1816 17919254 2.556112
2126 1827 17919260 2.556112
2131 1829 17919266 2.556112
2127 1827 17919272 2.556112
2128 1828 17919278 2.556112
2126 1829 17919284 2.556112
2125 1828 17919289 2.556112
2132 1832 17919295 2.556112
2129 1822 17919301 2.556112
2132 1828 17919307 2.556112
2127 1834 17919313 2.556112
2130 1834 17919319 2.556112
2133 1834 17919324 2.556112
2135 1834 17919330 2.556112
2133 1835 17919336 2.556112
2133 1829 17919342 2.556112
2132 1829 17919348 2.556112
2130 1830 17919354 2.556112
2129 1829 17919359 2.556112
2130 1831 17919365 2.556112
2135 1834 17919371 2.556112
2133 1828 17919377 2.556112
2134 1831 17919383 2.556112
2127 1829 17919389 2.556112
2131 1832 17919394 2.556112
2131 1833 17919400 2.556112
2133 1834 17919406 2.556112
2126 1830 17919412 2.556112
2128 1825 17919418 2.556112
2130 1834 17919424 2.556112
2126 1830 17919429 2.556112
2130 1831 17919435 2.556112
2126 1826 17919441 2.556112
2128 1830 17919447 2.556112
2125 1826 17919453 2.556112
2122 1828 17919459 2.556112
2131 1829 17919464 2.556112
2128 1826 17919470 2.556112
2132 1831 17919476 2.556112
2128 1827 17919482 2.556112
2127 1828 17919488 2.556112
2133 1831 17919494 2.556112
2130 1829 17919499 2.556112
2131 1831 17919505 2.556112
2132 1827 17919511 2.556112
2127 1830 17919517 2.556112
2129 1829 17919523 2.556112
2126 1830 17919529 2.556112
2131 1826 17919535 2.556112
2132 1830 17919540 2.556112
2130 1826 17919546 2.556112
2131 1829 17919552 2.556112
2129 1829 17919558 2.556112
2129 1830 17919564 2.556112
2135 1825 17919570 2.556112
2131 1831 17919575 2.556112
2127 1832 17919581 2.556112
2132 1832 17919587 2.556112
2131 1833 17919593 2.556112
2133 1827 17919599 2.556112
2132 1833 17919605 2.556112
2132 1839 17919610 2.556112
2132 1831 17919616 2.556112
2130 1828 17919622 2.556112
2132 1829 17919628 2.556112
2131 1828 17919634 2.556112
2129 1828 17919640 2.556112
2126 1826 17919645 2.556112
2131 1832 17919651 2.556112
2128 1833 17919657 2.556112
2131 1830 17919663 2.556112
2131 1827 17919669 2.556112
2130 1833 17919675 2.556112
2129 1826 17919680 2.556112
2125 1824 17919686 2.556112
2128 1826 17919692 2.556112
2126 1824 17919698 2.556112
2129 1826 17919704 2.556112
2126 1825 17919710 2.556112
2126 1826 17919715 2.556112
2126 1827 17919721 2.556112
2126 1827 17919727 2.556112
2128 1827 17919733 2.556112
2127 1823 17919739 2.556112
2124 1826 17919745 2.556112
2131 1830 17919751 2.556112
2128 1827 17919756 2.556112
2127 1825 17919762 2.556112
2129 1823 17919768 2.556112
2127 1824 17919774 2.556112
2129 1828 17919780 2.556112
2124 1823 17919786 2.556112
2130 1824 17919791 2.556112
2125 1830 17919797 2.556112
2131 1832 17919803 2.556112
2124 1824 17919809 2.556112
2131 1825 17919815 2.556112
2128 1828 17919821 2.556112
2132 1830 17919826 2.556112
2128 1833 17919832 2.556112
2134 1830 17919838 2.556112
2127 1831 17919844 2.556112
2130 1832 17919850 2.556112
2134 1827 17919856 2.556112
2129 1834 17919861 2.556112
2128 1833 17919867 2.556112
2132 1832 17919873 2.556112
2128 1828 17919879 2.556112
2131 1829 17919885 2.556112
2127 1830 17919891 2.556112
2130 1830 17919896 2.556112
2129 1827 17919902 2.556112
2130 1828 17919908 2.556112
2132 1830 17919914 2.556112
2128 1826 17919920 2.556112
2128 1826 17919926 2.556112
2127 1823 17919931 2.556112
2123 1826 17919937 2.556112
2127 1820 17919943 2.556112
2128 1825 17919949 2.556112
2123 1830 17919955 2.556112
2127 1830 17919961 2.556112
2130 1829 17919967 2.556112
2131 1832 17919972 2.556112
2132 1829 17919978 2.556112
2129 1830 17919984 2.556112
2128 1824 17919990 2.556112
2130 1826 17919996 2.556112
2130 1827 17920003 2.556112
2129 1826 17920009 2.556112
2125 1829 17920014 2.556112
2130 1824 17920020 2.556112
2125 1825 17920026 2.556112
2127 1826 17920032 2.556112
2131 1829 17920038 2.556112
2129 1828 17920044 2.556112
2129 1821 17920049 2.556112
2128 1826 17920055 2.556112
2126 1821 17920061 2.556112
2119 1824 17920067 2.556112
2119 1826 17920073 2.556112
2127 1829 17920079 2.556112
2132 1826 17920084 2.556112
2130 1828 17920090 2.556112
2129 1826 17920096 2.556112
2136 1835 17920102 2.556112
2136 1831 17920108 2.556112
2132 1829 17920114 2.556112
2127 1829 17920119 2.556112
2131 1825 17920125 2.556112
2126 1825 17920131 2.556112
2128 1823 17920137 2.556112
2128 1823 17920143 2.556112
2125 1829 17920149 2.556112
2127 1832 17920154 2.556112
2132 1827 17920160 2.556112
2130 1830 17920166 2.556112
2132 1832 17920172 2.556112
2134 1827 17920178 2.556112
2128 1831 17920184 2.556112
2127 1828 17920189 2.556112
2122 1819 17920195 2.556112
2130 1824 17920201 2.556112
2126 1825 17920207 2.556112
2126 1828 17920213 2.556112
2128 1832 17920219 2.556112
2131 1833 17920225 2.556112
2130 1831 17920230 2.556112
2132 1831 17920236 2.556112
2128 1829 17920242 2.556112
2124 1824 17920248 2.556112
2123 1826 17920254 2.556112
2129 1824 17920260 2.556112
2124 1824 17920265 2.556112
2128 1830 17920271 2.556112
2129 1827 17920277 2.556112
2128 1829 17920283 2.556112
2135 1830 17920289 2.556112
2129 1825 17920295 2.556112
2126 1832 17920300 2.556112
2130 1828 17920306 2.556112
2127 1821 17920312 2.556112
2126 1829 17920318 2.556112
2126 1824 17920324 2.556112
2127 1826 17920330 2.556112
2125 1826 17920335 2.556112
2133 1831 17920341 2.556112
2131 1831 17920347 2.556112
2132 1832 17920353 2.556112
2129 1827 17920359 2.556112
2124 1829 17920365 2.556112
2124 1826 17920370 2.556112
2127 1824 17920376 2.556112
2125 1824 17920382 2.556112
2125 1829 17920388 2.556112
2125 1825 17920394 2.556112
2129 1828 17920400 2.556112
2127 1824 17920405 2.556112
2128 1828 17920411 2.556112
2122 1824 17920417 2.556112
2125 1825 17920423 2.556112
2126 1821 17920429 2.556112
2132 1830 17920435 2.556112
2130 1823 17920441 2.556112
2126 1827 17920446 2.556112
2125 1822 17920452 2.556112
2128 1825 17920458 2.556112
2129 1827 17920464 2.556112
2132 1827 17920470 2.556112
2129 1826 17920476 2.556112
2129 1829 17920481 2.556112
2129 1828 17920487 2.556112
2127 1832 17920493 2.556112
2132 1833 17920499 2.556112
2131 1832 17920505 2.556112
2130 1831 17920511 2.556112
2131 1834 17920516 2.556112
2122 1823 17920522 2.556112
2125 1827 17920528 2.556112
2120 1821 17920534 2.556112
2124 1819 17920540 2.556112
2123 1823 17920546 2.556112
2122 1829 17920551 2.556112
2132 1830 17920557 2.556112
2126 1831 17920563 2.556112
2134 1831 17920569 2.556112
2129 1831 17920575 2.556112
2128 1835 17920581 2.556112
2128 1826 17920586 2.556112
2126 1828 17920592 2.556112
2121 1825 17920598 2.556112
2124 1824 17920604 2.556112
2124 1825 17920610 2.556112
2125 1824 17920616 2.556112
2127 1821 17920621 2.556112
2125 1835 17920627 2.556112
2132 1827 17920633 2.556112
2128 1830 17920639 2.556112
2128 1827 17920645 2.556112
2126 1823 17920651 2.556112
2124 1823 17920656 2.556112
2121 1821 17920662 2.556112
2119 1819 17920668 2.556112
2118 1820 17920674 2.556112
2126 1819 17920680 2.556112
2127 1823 17920686 2.556112
2130 1829 17920692 2.556112
2128 1831 17920697 2.556112
2128 1830 17920703 2.556112
2125 1826 17920709 2.556112
2125 1828 17920715 2.556112
2127 1827 17920721 2.556112
2134 1833 17920727 2.556112
2122 1822 17920732 2.556112
2126 1828 17920738 2.556112
2134 1828 17920744 2.556112
2127 1828 17920750 2.556112
2130 1831 17920756 2.556112
2128 1825 17920762 2.556112
2126 1820 17920767 2.556112
2125 1828 17920773 2.556112
2125 1825 17920779 2.556112
2124 1823 17920785 2.556112
2124 1826 17920791 2.556112
2127 1824 17920797 2.556112
2127 1826 17920802 2.556112
2129 1829 17920808 2.556112
2131 1827 17920814 2.556112
2125 1825 17920820 2.556112
2128 1824 17920826 2.556112
2122 1826 17920832 2.556112
2115 1823 17920837 2.556112
2122 1825 17920843 2.556112
2124 1821 17920849 2.556112
2130 1827 17920855 2.556112
2127 1829 17920861 2.556112
2135 1835 17920867 2.556112
2126 1827 17920873 2.556112
2127 1823 17920878 2.556112
2124 1822 17920884 2.556112
2123 1817 17920890 2.556112
2122 1827 17920896 2.556112
2127 1828 17920902 2.556112
2123 1819 17920908 2.556112
2128 1825 17920913 2.556112
2125 1820 17920919 2.556112
2127 1829 17920925 2.556112
2129 1828 17920931 2.556112
2122 1825 17920937 2.556112
2126 1826 17920943 2.556112
2127 1823 17920948 2.556112
2119 1825 17920954 2.556112
2126 1823 17920960 2.556112
2127 1820 17920966 2.556112
2125 1828 17920972 2.556112
2125 1824 17920978 2.556112
2130 1824 17920983 2.556112
2129 1818 17920989 2.556112
2125 1823 17920995 2.556112
2126 1825 17921002 2.556112
2121 1828 17921008 2.556112
2124 1825 17921014 2.556112
2127 1821 17921020 2.556112
2123 1820 17921025 2.556112
2124 1826 17921031 2.556112
2130 1831 17921037 2.556112
2129 1833 17921043 2.556112
2126 1826 17921049 2.556112
2129 1826 17921055 2.556112
2129 1823 17921060 2.556112
2124 1824 17921066 2.556112
2125 1825 17921072 2.556112
2125 1823 17921078 2.556112
2130 1825 17921084 2.556112
2128 1827 17921090 2.556112
2123 1824 17921095 2.556112
2126 1824 17921101 2.556112
2126 1819 17921107 2.556112
2127 1825 17921113 2.556112
2122 1827 17921119 2.556112
2124 1822 17921125 2.556112
2127 1825 17921131 2.556112
2122 1825 17921136 2.556112
2125 1824 17921142 2.556112
2128 1824 17921148 2.556112
2127 1819 17921154 2.556112
2126 1823 17921160 2.556112
2124 1823 17921166 2.556112
2122 1825 17921171 2.556112
2127 1821 17921177 2.556112
2126 1824 17921183 2.556112
2124 1825 17921189 2.556112
2123 1822 17921195 2.556112
2126 1822 17921201 2.556112
2126 1823 17921206 2.556112
2127 1820 17921212 2.556112
2124 1821 17921218 2.556112
2126 1824 17921224 2.556112
2127 1824 17921230 2.556112
2122 1824 17921236 2.556112
2122 1822 17921241 2.556112
2125 1824 17921247 2.556112
2124 1823 17921253 2.556112
2129 1824 17921259 2.556112
2117 1821 17921265 2.556112
2122 1822 17921271 2.556112
2125 1820 17921276 2.556112
2125 1828 17921282 2.556112
2126 1829 17921288 2.556112
2127 1826 17921294 2.556112
2129 1825 17921300 2.556112
2126 1823 17921306 2.556112
2124 1824 17921311 2.556112
2122 1826 17921317 2.556112
2122 1823 17921323 2.556112
2122 1823 17921329 2.556112
2124 1822 17921335 2.556112
2122 1824 17921341 2.556112
2126 1827 17921346 2.556112
2126 1828 17921352 2.556112
2132 1827 17921358 2.556112
2128 1830 17921364 2.556112
2128 1823 17921370 2.556112
2126 1826 17921376 2.556112
2124 1824 17921382 2.556112
2126 1826 17921387 2.556112
2124 1824 17921393 2.556112
2126 1828 17921399 2.556112
2125 1823 17921405 2.556112
2123 1822 17921411 2.556112
2125 1821 17921417 2.556112
2125 1820 17921422 2.556112
2119 1822 17921428 2.556112
2121 1826 17921434 2.556112
2126 1825 17921440 2.556112
2124 1826 17921446 2.556112
2123 1824 17921452 2.556112
2124 1823 17921457 2.556112
2123 1827 17921463 2.556112
2128 1824 17921469 2.556112
2126 1827 17921475 2.556112
2126 1828 17921481 2.556112
2124 1826 17921487 2.556112
2130 1832 17921492 2.556112
2122 1820 17921498 2.556112
2124 1825 17921504 2.556112
2126 1824 17921510 2.556112
2126 1826 17921516 2.556112
2126 1826 17921522 2.556112
2125 1824 17921527 2.556112
2124 1821 17921533 2.556112
2128 1823 17921539 2.556112
2130 1825 17921545 2.556112
2127 1829 17921551 2.556112
2124 1830 17921557 2.556112
2127 1831 17921562 2.556112
2125 1826 17921568 2.556112
2128 1824 17921574 2.556112
2127 1829 17921580 2.556112
2130 1829 17921586 2.556112
2126 1828 17921592 2.556112
2124 1823 17921598 2.556112
2128 1828 17921603 2.556112
2126 1827 17921609 2.556112
2131 1831 17921615 2.556112
2127 1823 17921621 2.556112
2124 1826 17921627 2.556112
2124 1822 17921633 2.556112
2130 1830 17921638 2.556112
2125 1825 17921644 2.556112
2125 1824 17921650 2.556112
2121 1827 17921656 2.556112
2127 1826 17921662 2.556112
2124 1823 17921668 2.556112
2125 1820 17921673 2.556112
2121 1823 17921679 2.556112
2123 1823 17921685 2.556112
2132 1827 17921691 2.556112
2126 1828 17921697 2.556112
2126 1827 17921703 2.556112
2126 1823 17921708 2.556112
2127 1831 17921714 2.556112
2127 1828 17921720 2.556112
2127 1824 17921726 2.556112
2127 1827 17921732 2.556112
2123 1825 17921738 2.556112
2124 1824 17921743 2.556112
2127 1827 17921749 2.556112
2130 1826 17921755 2.556112
2127 1823 17921761 2.556112
2117 1827 17921767 2.556112
2125 1828 17921773 2.556112
2126 1830 17921778 2.556112
2125 1827 17921784 2.556112
2126 1829 17921790 2.556112
2125 1829 17921796 2.556112
2129 1827 17921802 2.556112
2125 1825 17921808 2.556112
2127 1825 17921813 2.556112
2128 1830 17921819 2.556112
2131 1829 17921825 2.556112
2127 1826 17921831 2.556112
2133 1826 17921837 2.556112
2128 1831 17921843 2.556112
2134 1833 17921849 2.556112
2131 1829 17921854 2.556112
2131 1827 17921860 2.556112
2129 1831 17921866 2.556112
2131 1828 17921872 2.556112
2131 1828 17921878 2.556112
2125 1823 17921884 2.556112
2128 1828 17921889 2.556112
2123 1819 17921895 2.556112
2125 1828 17921901 2.556112
2127 1822 17921907 2.556112
2130 1830 17921913 2.556112
2125 1823 17921919 2.556112
2126 1827 17921924 2.556112
2126 1826 17921930 2.556112
2126 1824 17921936 2.556112
2124 1820 17921942 2.556112
2128 1823 17921948 2.556112
2124 1827 17921954 2.556112
2125 1823 17921959 2.556112
2129 1828 17921965 2.556112
2130 1823 17921971 2.556112
2127 1828 17921977 2.556112
2124 1825 17921983 2.556112
2126 1828 17921989 2.556112
2128 1825 17921994 2.556112
2126 1828 17922001 2.556112
2129 1825 17922007 2.556112
2126 1826 17922013 2.556112
2128 1827 17922019 2.556112
2127 1830 17922025 2.556112
2127 1826 17922031 2.556112
2125 1826 17922036 2.556112
2128 1834 17922042 2.556112
2127 1828 17922048 2.556112
2126 1820 17922054 2.556112
2128 1828 17922060 2.556112
2131 1827 17922066 2.556112
2133 1831 17922071 2.556112
2128 1825 17922077 2.556112
2128 1833 17922083 2.556112
2127 1825 17922089 2.556112
2127 1827 17922095 2.556112
2128 1829 17922101 2.556112
2127 1825 17922106 2.556112
2127 1827 17922112 2.556112
2130 1829 17922118 2.556112
2130 1826 17922124 2.556112
2131 1830 17922130 2.556112
2127 1826 17922136 2.556112
2131 1825 17922141 2.556112
2129 1831 17922147 2.556112
2126 1827 17922153 2.556112
2126 1827 17922159 2.556112
2121 1820 17922165 2.556112
2119 1823 17922171 2.556112
2126 1819 17922177 2.556112
2123 1825 17922182 2.556112
2129 1826 17922188 2.556112
2128 1832 17922194 2.556112
2125 1826 17922200 2.556112
2127 1827 17922206 2.556112
2125 1822 17922212 2.556112
2126 1829 17922217 2.556112
2125 1824 17922223 2.556112
2124 1827 17922229 2.556112
2127 1821 17922235 2.556112
2125 1827 17922241 2.556112
2123 1829 17922247 2.556112
2128 1825 17922252 2.556112
2131 1829 17922258 2.556112
2127 1827 17922264 2.556112
2131 1827 17922270 2.556112
2124 1827 17922276 2.556112
2129 1830 17922282 2.556112
2130 1825 17922287 2.556112
2132 1830 17922293 2.556112
2126 1828 17922299 2.556112
2126 1828 17922305 2.556112
2128 1831 17922311 2.556112
2129 1826 17922317 2.556112
2129 1826 17922322 2.556112
2128 1830 17922328 2.556112
2129 1829 17922334 2.556112
2128 1826 17922340 2.556112
2126 1833 17922346 2.556112
2130 1831 17922352 2.556112
2126 1826 17922357 2.556112
2128 1826 17922363 2.556112
2128 1824 17922369 2.556112
2125 1830 17922375 2.556112
2125 1823 17922381 2.556112
2131 1826 17922387 2.556112
2128 1821 17922392 2.556112
2129 1829 17922398 2.556112
2126 1827 17922404 2.556112
2130 1831 17922410 2.556112
2128 1824 17922416 2.556112
2125 1825 17922422 2.556112
2127 1830 17922428 2.556112
2124 1823 17922433 2.556112
2126 1827 17922439 2.556112
2124 1826 17922445 2.556112
2127 1827 17922451 2.556112
2128 1824 17922457 2.556112
2127 1822 17922463 2.556112
2123 1828 17922468 2.556112
2125 1828 17922474 2.556112
2126 1825 17922480 2.556112
2128 1824 17922486 2.556112
2125 1831 17922492 2.556112
2128 1826 17922498 2.556112
2128 1825 17922503 2.556112
2124 1826 17922509 2.556112
2128 1826 17922515 2.556112
2125 1823 17922521 2.556112
2126 1821 17922527 2.556112
2128 1828 17922533 2.556112
2123 1823 17922538 2.556112
2125 1825 17922544 2.556112
2130 1825 17922550 2.556112
2125 1825 17922556 2.556112
2126 1826 17922562 2.556112
2127 1827 17922568 2.556112
2122 1827 17922573 2.556112
2119 1821 17922579 2.556112
2128 1824 17922585 2.556112
2128 1822 17922591 2.556112
2128 1824 17922597 2.556112
2129 1825 17922603 2.556112
2122 1828 17922609 2.556112
2123 1824 17922614 2.556112
2128 1825 17922620 2.556112
2127 1827 17922626 2.556112
2124 1821 17922632 2.556112
2143 1825 17922638 2.556112
2129 1823 17922644 2.556112
2125 1827 17922649 2.556112
2129 1828 17922655 2.556112
2120 1824 17922661 2.556112
2125 1825 17922667 2.556112
2127 1826 17922673 2.556112
2127 1822 17922679 2.556112
2127 1827 17922684 2.556112
2126 1828 17922690 2.556112
2126 1826 17922696 2.556112
2125 1828 17922702 2.556112
2126 1828 17922708 2.556112
2130 1829 17922714 2.556112
2133 1829 17922719 2.556112
2129 1830 17922725 2.556112
2126 1832 17922731 2.556112
2123 1824 17922737 2.556112
2125 1825 17922743 2.556112
2130 1826 17922749 2.556112
2133 1829 17922754 2.556112
2130 1831 17922760 2.556112
2132 1832 17922766 2.556112
2130 1831 17922772 2.556112
2128 1827 17922778 2.556112
2127 1824 17922784 2.556112
2126 1823 17922789 2.556112
2128 1829 17922795 2.556112
2125 1827 17922801 2.556112
2126 1832 17922807 2.556112
2127 1825 17922813 2.556112
2127 1830 17922819 2.556112
2135 1828 17922824 2.556112
2130 1826 17922830 2.556112
2125 1825 17922836 2.556112
2125 1823 17922842 2.556112
2126 1825 17922848 2.556112
2122 1825 17922854 2.556112
2124 1826 17922860 2.556112
2124 1824 17922865 2.556112
2127 1826 17922871 2.556112
2126 1826 17922877 2.556112
2128 1829 19022743 2.556112
2123 1823 19022763 2.556112
2120 1822 19022769 2.556112
2122 1821 19022775 2.556112
2122 1819 19022781 2.556112
2124 1821 19022786 2.556112
2125 1824 19022792 2.556112
2123 1821 19022798 2.556112
2120 1822 19022804 2.556112
2125 1823 19022810 2.556112
2123 1823 19022816 2.556112
2125 1824 19022821 2.556112
2122 1825 19022827 2.556112
2123 1827 19022833 2.556112
2123 1823 19022839 2.556112
2120 1824 19022845 2.556112
2119 1822 19022851 2.556112
2123 1822 19022857 2.556112
2126 1826 19022862 2.556112
2127 1825 19022868 2.556112
2128 1827 19022874 2.556112
2127 1825 19022880 2.556112
2127 1828 19022886 2.556112
2126 1830 19022892 2.556112
2127 1831 19022897 2.556112
2127 1829 19022903 2.556112
2124 1825 19022909 2.556112
2128 1830 19022915 2.556112
2132 1831 19022921 2.556112
2130 1831 19022927 2.556112
2130 1831 19022932 2.556112
2130 1827 19022938 2.556112
2131 1829 19022944 2.556112
2129 1829 19022950 2.556112
2126 1831 19022956 2.556112
2123 1824 19022962 2.556112
2130 1823 19022967 2.556112
2123 1826 19022973 2.556112
2129 1831 19022979 2.556112
2127 1821 19022985 2.556112
2130 1830 19022991 2.556112
2133 1831 19022997 2.556112
2126 1832 19023004 2.556112
2128 1828 19023009 2.556112
2125 1834 19023015 2.556112
2129 1827 19023021 2.556112
2127 1826 19023027 2.556112
2123 1827 19023033 2.556112
2128 1827 19023039 2.556112
2128 1825 19023044 2.556112
2127 1826 19023050 2.556112
2122 1828 19023056 2.556112
2127 1821 19023062 2.556112
2126 1824 19023068 2.556112
2126 1825 19023074 2.556112
2125 1826 19023079 2.556112
2125 1826 19023085 2.556112
2127 1822 19023091 2.556112
2125 1824 19023097 2.556112
2121 1826 19023103 2.556112
2126 1825 19023109 2.556112
2126 1826 19023114 2.556112
2125 1823 19023120 2.556112
2129 1829 19023126 2.556112
2127 1825 19023132 2.556112
2127 1824 19023138 2.556112
2126 1829 19023144 2.556112
2127 1841 19023150 2.556112
2117 1826 19023155 2.556112
2126 1825 19023161 2.556112
2123 1826 19023167 2.556112
2128 1827 19023173 2.556112
2126 1824 19023179 2.556112
2129 1828 19023185 2.556112
2123 1826 19023190 2.556112
2124 1824 19023196 2.556112
2124 1821 19023202 2.556112
2121 1820 19023208 2.556112
2122 1821 19023214 2.556112
2119 1819 19023220 2.556112
2124 1827 19023225 2.556112
2124 1827 19023231 2.556112
2124 1823 19023237 2.556112
2128 1826 19023243 2.556112
2125 1825 19023249 2.556112
2126 1825 19023255 2.556112
2128 1821 19023260 2.556112
2123 1829 19023266 2.556112
2121 1820 19023272 2.556112
2124 1824 19023278 2.556112
2121 1828 19023284 2.556112
2123 1822 19023290 2.556112
2124 1823 19023295 2.556112
2125 1824 19023301 2.556112
2127 1820 19023307 2.556112
2145 1823 19023313 2.556112
2119 1825 19023319 2.556112
2124 1825 19023325 2.556112
2122 1824 19023330 2.556112
2121 1821 19023336 2.556112
2125 1821 19023342 2.556112
2122 1823 19023348 2.556112
2127 1827 19023354 2.556112
2122 1822 19023360 2.556112
2121 1824 19023365 2.556112
2125 1822 19023371 2.556112
2125 1822 19023377 2.556112
2125 1824 19023383 2.556112
2126 1823 19023389 2.556112
2122 1829 19023395 2.556112
2125 1827 19023401 2.556112
2125 1827 19023406 2.556112
2127 1826 19023412 2.556112
2125 1828 19023418 2.556112
2128 1830 19023424 2.556112
2125 1830 19023430 2.556112
2124 1825 19023436 2.556112
2128 1829 19023441 2.556112
2122 1825 19023447 2.556112
2128 1825 19023453 2.556112
2128 1828 19023459 2.556112
2127 1828 19023465 2.556112
2124 1827 19023471 2.556112
2124 1827 19023476 2.556112
2124 1823 19023482 2.556112
2128 1827 19023488 2.556112
2121 1824 19023494 2.556112
2130 1823 19023500 2.556112
2121 1825 19023506 2.556112
2123 1817 19023511 2.556112
2121 1821 19023517 2.556112
2126 1828 19023523 2.556112
2127 1828 19023529 2.556112
2124 1832 19023535 2.556112
2121 1821 19023541 2.556112
2123 1825 19023546 2.556112
2126 1820 19023552 2.556112
2122 1822 19023558 2.556112
2120 1821 19023564 2.556112
2125 1825 19023570 2.556112
2127 1824 19023576 2.556112
2127 1827 19023582 2.556112
2132 1829 19023587 2.556112
2125 1824 19023593 2.556112
2130 1830 19023599 2.556112
2129 1826 19023605 2.556112
2125 1824 19023611 2.556112
2124 1824 19023617 2.556112
2121 1819 19023622 2.556112
2123 1822 19023628 2.556112
2121 1829 19023634 2.556112
2127 1828 19023640 2.556112
2126 1824 19023646 2.556112
2132 1830 19023652 2.556112
2128 1828 19023657 2.556112
2127 1832 19023663 2.556112
2124 1822 19023669 2.556112
2125 1826 19023675 2.556112
2128 1831 19023681 2.556112
2125 1825 19023687 2.556112
2124 1826 19023692 2.556112
2126 1828 19023698 2.556112
2126 1827 19023704 2.556112
2127 1828 19023710 2.556112
2131 1827 19023716 2.556112
2130 1823 19023722 2.556112
2127 1827 19023727 2.556112
2129 1826 19023733 2.556112
2127 1829 19023739 2.556112
2124 1831 19023745 2.556112
2127 1825 19023751 2.556112
2127 1823 19023757 2.556112
2127 1824 19023762 2.556112
2121 1830 19023768 2.556112
2125 1825 19023774 2.556112
2122 1825 19023780 2.556112
2130 1826 19023786 2.556112
2125 1824 19023792 2.556112
2128 1827 19023797 2.556112
2125 1825 19023803 2.556112
2125 1826 19023809 2.556112
2122 1827 19023815 2.556112
2121 1824 19023821 2.556112
2123 1826 19023827 2.556112
2125 1823 19023833 2.556112
2124 1820 19023838 2.556112
2125 1824 19023844 2.556112
2124 1829 19023850 2.556112
2127 1828 19023856 2.556112
2125 1831 19023862 2.556112
2127 1821 19023868 2.556112
2127 1831 19023873 2.556112
2126 1830 19023879 2.556112
2126 1822 19023885 2.556112
2125 1830 19023891 2.556112
2118 1823 19023897 2.556112
2122 1827 19023903 2.556112
2126 1823 19023908 2.556112
2122 1823 19023914 2.556112
2125 1828 19023920 2.556112
2125 1823 19023926 2.556112
2127 1823 19023932 2.556112
2123 1829 19023938 2.556112
2124 1827 19023943 2.556112
2128 1829 19023949 2.556112
2124 1820 19023955 2.556112
2110 1823 19023961 2.556112
2116 1817 19023967 2.556112
2118 1821 19023973 2.556112
2120 1823 19023978 2.556112
2124 1813 19023984 2.556112
2124 1822 19023990 2.556112
2121 1825 19023996 2.556112
2123 1824 19024003 2.556112
2124 1820 19024009 2.556112
2123 1824 19024015 2.556112
2120 1821 19024020 2.556112
2123 1817 19024026 2.556112
2123 1818 19024032 2.556112
2117 1822 19024038 2.556112
2118 1816 19024044 2.556112
2122 1819 19024050 2.556112
2119 1821 19024055 2.556112
2122 1824 19024061 2.556112
2122 1824 19024067 2.556112
2128 1830 19024073 2.556112
2132 1826 19024079 2.556112
2126 1822 19024085 2.556112
2125 1823 19024090 2.556112
2116 1822 19024096 2.556112
2120 1819 19024102 2.556112
2121 1821 19024108 2.556112
2119 1820 19024114 2.556112
2125 1823 19024120 2.556112
2121 1820 19024125 2.556112
2123 1823 19024131 2.556112
2124 1828 19024137 2.556112
2123 1821 19024143 2.556112
2124 1822 19024149 2.556112
2124 1817 19024155 2.556112
2119 1820 19024160 2.556112
2119 1821 19024166 2.556112
2118 1820 19024172 2.556112
2122 1820 19024178 2.556112
2122 1820 19024184 2.556112
2125 1826 19024190 2.556112
2125 1824 19024195 2.556112
2124 1826 19024201 2.556112
2123 1823 19024207 2.556112
2122 1822 19024213 2.556112
2120 1817 19024219 2.556112
2120 1822 19024225 2.556112
2118 1820 19024231 2.556112
2118 1820 19024236 2.556112
2124 1816 19024242 2.556112
2124 1827 19024248 2.556112
2124 1820 19024254 2.556112
2126 1826 19024260 2.556112
2125 1824 19024266 2.556112
2122 1821 19024271 2.556112
2122 1825 19024277 2.556112
2124 1821 19024283 2.556112
2118 1818 19024289 2.556112
2122 1821 19024295 2.556112
2118 1822 19024301 2.556112
2124 1819 19024306 2.556112
2117 1819 19024312 2.556112
2122 1824 19024318 2.556112
2119 1822 19024324 2.556112
2118 1821 19024330 2.556112
2121 1824 19024336 2.556112
2120 1817 19024341 2.556112
2118 1820 19024347 2.556112
2116 1817 19024353 2.556112
2116 1814 19024359 2.556112
2118 1816 19024365 2.556112
2121 1820 19024371 2.556112
2118 1821 19024376 2.556112
2120 1823 19024382 2.556112
2124 1822 19024388 2.556112
2122 1818 19024394 2.556112
2119 1824 19024400 2.556112
2120 1821 19024406 2.556112
2123 1822 19024411 2.556112
2122 1823 19024417 2.556112
2125 1824 19024423 2.556112
2120 1823 19024429 2.556112
2119 1822 19024435 2.556112
2124 1822 19024441 2.556112
2123 1823 19024446 2.556112
2123 1825 19024452 2.556112
2126 1825 19024458 2.556112
2125 1822 19024464 2.556112
2124 1822 19024470 2.556112
2118 1822 19024476 2.556112
2123 1822 19024482 2.556112
2124 1819 19024487 2.556112
2120 1822 19024493 2.556112
2124 1820 19024499 2.556112
2125 1825 19024505 2.556112
2122 1822 19024511 2.556112
2126 1823 19024517 2.556112
2123 1818 19024522 2.556112
2120 1824 19024528 2.556112
2123 1820 19024534 2.556112
2118 1820 19024540 2.556112
2115 1825 19024546 2.556112
2119 1817 19024552 2.556112
2121 1824 19024557 2.556112
2123 1824 19024563 2.556112
2125 1827 19024569 2.556112
2127 1825 19024575 2.556112
2123 1823 19024581 2.556112
2114 1821 19024587 2.556112
2122 1819 19024592 2.556112
2118 1822 19024598 2.556112
2120 1822 19024604 2.556112
2116 1820 19024610 2.556112
2122 1821 19024616 2.556112
2119 1825 19024622 2.556112
2121 1823 19024627 2.556112
2124 1822 19024633 2.556112
2123 1822 19024639 2.556112
2119 1822 19024645 2.556112
2118 1824 19024651 2.556112
2126 1821 19024657 2.556112
2123 1823 19024662 2.556112
2122 1826 19024668 2.556112
2118 1821 19024674 2.556112
2121 1819 19024680 2.556112
2118 1822 19024686 2.556112
2123 1819 19024692 2.556112
2122 1819 19024698 2.556112
2125 1823 19024703 2.556112
2125 1823 19024709 2.556112
2123 1827 19024715 2.556112
2124 1818 19024721 2.556112
2128 1825 19024727 2.556112
2127 1826 19024733 2.556112
2123 1822 19024738 2.556112
2125 1826 19024744 2.556112
2125 1822 19024750 2.556112
2127 1820 19024756 2.556112
2122 1825 19024762 2.556112
2124 1820 19024768 2.556112
2120 1817 19024773 2.556112
2115 1825 19024779 2.556112
2118 1818 19024785 2.556112
2121 1814 19024791 2.556112
2117 1821 19024797 2.556112
2126 1823 19024803 2.556112
2124 1820 19024808 2.556112
2120 1823 19024814 2.556112
2120 1825 19024820 2.556112
2121 1819 19024826 2.556112
2115 1818 19024832 2.556112
2116 1815 19024838 2.556112
2115 1822 19024843 2.556112
2114 1819 19024849 2.556112
2119 1823 19024855 2.556112
2122 1819 19024861 2.556112
2121 1819 19024867 2.556112
2119 1824 19024873 2.556112
2118 1824 19024878 2.556112
2123 1820 19024884 2.556112
2125 1822 19024890 2.556112
2122 1825 19024896 2.556112
2122 1823 19024902 2.556112
2122 1823 19024908 2.556112
2123 1825 19024914 2.556112
2120 1824 19024919 2.556112
2123 1815 19024925 2.556112
2125 1824 19024931 2.556112
2127 1825 19024937 2.556112
2125 1825 19024943 2.556112
2125 1830 19024949 2.556112
2123 1821 19024954 2.556112
2124 1822 19024960 2.556112
2121 1822 19024966 2.556112
2123 1825 19024972 2.556112
2123 1818 19024978 2.556112
2122 1826 19024984 2.556112
2122 1820 19024989 2.556112
2122 1821 19024995 2.556112
2119 1819 19025002 2.556112
2117 1819 19025008 2.556112
2115 1820 19025014 2.556112
2117 1823 19025020 2.556112
2123 1823 19025025 2.556112
2121 1824 19025031 2.556112
2123 1823 19025037 2.556112
2124 1825 19025043 2.556112
2123 1823 19025049 2.556112
2120 1822 19025055 2.556112
2124 1824 19025061 2.556112
2120 1822 19025066 2.556112
2118 1820 19025072 2.556112
2115 1815 19025078 2.556112
2123 1825 19025084 2.556112
2123 1822 19025090 2.556112
2125 1821 19025096 2.556112
2123 1823 19025101 2.556112
2123 1825 19025107 2.556112
2123 1821 19025113 2.556112
2125 1820 19025119 2.556112
2124 1824 19025125 2.556112
2122 1825 19025131 2.556112
2122 1818 19025136 2.556112
2116 1821 19025142 2.556112
2122 1825 19025148 2.556112
2124 1818 19025154 2.556112
2126 1824 19025160 2.556112
2122 1823 19025166 2.556112
2125 1827 19025171 2.556112
2123 1823 19025177 2.556112
2126 1825 19025183 2.556112
2120 1823 19025189 2.556112
2126 1826 19025195 2.556112
2119 1823 19025201 2.556112
2119 1822 19025206 2.556112
2122 1823 19025212 2.556112
2124 1820 19025218 2.556112
2124 1821 19025224 2.556112
2119 1826 19025230 2.556112
2124 1823 19025236 2.556112
2122 1822 19025241 2.556112
2122 1825 19025247 2.556112
2114 1818 19025253 2.556112
2118 1819 19025259 2.556112
2117 1822 19025265 2.556112
2122 1824 19025271 2.556112
2122 1823 19025277 2.556112
2124 1823 19025282 2.556112
2125 1823 19025288 2.556112
2124 1826 19025294 2.556112
2126 1825 19025300 2.556112
2124 1827 19025306 2.556112
2125 1822 19025312 2.556112
2127 1821 19025317 2.556112
2122 1822 19025323 2.556112
2122 1824 19025329 2.556112
2127 1826 19025335 2.556112
2124 1829 19025341 2.556112
2127 1826 19025347 2.556112
2125 1823 19025352 2.556112
2122 1825 19025358 2.556112
2128 1825 19025364 2.556112
2125 1825 19025370 2.556112
2128 1827 19025376 2.556112
2122 1825 19025382 2.556112
2125 1824 19025387 2.556112
2129 1825 19025393 2.556112
2121 1823 19025399 2.556112
2122 1825 19025405 2.556112
2124 1825 19025411 2.556112
2128 1823 19025417 2.556112
2121 1827 19025422 2.556112
2124 1816 19025428 2.556112
2126 1824 19025434 2.556112
2119 1824 19025440 2.556112
2120 1821 19025446 2.556112
2124 1820 19025452 2.556112
2124 1823 19025457 2.556112
2123 1819 19025463 2.556112
2116 1819 19025469 2.556112
2120 1824 19025475 2.556112
2124 1820 19025481 2.556112
2121 1824 19025487 2.556112
2124 1823 19025493 2.556112
2123 1828 19025498 2.556112
2120 1821 19025504 2.556112
2122 1826 19025510 2.556112
2127 1826 19025516 2.556112
2125 1823 19025522 2.556112
2121 1825 19025528 2.556112
2120 1824 19025533 2.556112
2124 1819 19025539 2.556112
2121 1824 19025545 2.556112
2125 1819 19025551 2.556112
2127 1827 19025557 2.556112
2123 1827 19025563 2.556112
2127 1825 19025568 2.556112
2121 1825 19025574 2.556112
2124 1826 19025580 2.556112
2127 1823 19025586 2.556112
2127 1832 19025592 2.556112
2128 1823 19025598 2.556112
2122 1826 19025603 2.556112
2125 1824 19025609 2.556112
2120 1827 19025615 2.556112
2122 1818 19025621 2.556112
2122 1818 19025627 2.556112
2123 1824 19025633 2.556112
2122 1827 19025638 2.556112
2120 1828 19025644 2.556112
2127 1824 19025650 2.556112
2129 1822 19025656 2.556112
2123 1830 19025662 2.556112
2121 1821 19025668 2.556112
2119 1823 19025673 2.556112
2120 1818 19025679 2.556112
2123 1822 19025685 2.556112
2119 1823 19025691 2.556112
2119 1821 19025697 2.556112
2124 1824 19025703 2.556112
2126 1819 19025709 2.556112
2120 1819 19025714 2.556112
2124 1824 19025720 2.556112
2123 1824 19025726 2.556112
2126 1826 19025732 2.556112
2122 1825 19025738 2.556112
2126 1823 19025744 2.556112
2125 1821 19025749 2.556112
2120 1822 19025755 2.556112
2122 1828 19025761 2.556112
2121 1827 19025767 2.556112
2125 1822 19025773 2.556112
2123 1825 19025779 2.556112
2124 1824 19025784 2.556112
2126 1823 19025790 2.556112
2123 1823 19025796 2.556112
2124 1827 19025802 2.556112
2122 1825 19025808 2.556112
2124 1827 19025814 2.556112
2122 1824 19025819 2.556112
2124 1825 19025825 2.556112
2119 1828 19025831 2.556112
2123 1822 19025837 2.556112
2125 1820 19025843 2.556112
2122 1821 19025849 2.556112
2118 1818 19025854 2.556112
2115 1817 19025860 2.556112
2123 1824 19025866 2.556112
2119 1819 19025872 2.556112
2123 1822 19025878 2.556112
2119 1818 19025884 2.556112
2122 1816 19025889 2.556112
2117 1818 19025895 2.556112
2122 1821 19025901 2.556112
2122 1826 19025907 2.556112
2122 1823 19025913 2.556112
2119 1824 19025919 2.556112
2116 1819 19025924 2.556112
2120 1819 19025930 2.556112
2121 1820 19025936 2.556112
2114 1819 19025942 2.556112
2120 1821 19025948 2.556112
2122 1826 19025954 2.556112
2126 1829 19025960 2.556112
2127 1825 19025965 2.556112
2127 1824 19025971 2.556112
2127 1825 19025977 2.556112
2125 1828 19025983 2.556112
2124 1823 19025989 2.556112
2127 1824 19025995 2.556112
2125 1827 19026001 2.556112
2130 1826 19026007 2.556112
2127 1833 19026013 2.556112
2127 1827 19026019 2.556112
2125 1830 19026025 2.556112
2126 1827 19026031 2.556112
2124 1821 19026036 2.556112
2126 1828 19026042 2.556112
2121 1824 19026048 2.556112
2127 1826 19026054 2.556112
2128 1826 19026060 2.556112
2126 1826 19026066 2.556112
2123 1822 19026071 2.556112
2125 1821 19026077 2.556112
2123 1823 19026083 2.556112
2127 1831 19026089 2.556112
2125 1823 19026095 2.556112
2125 1822 19026101 2.556112
2121 1820 19026107 2.556112
2120 1826 19026112 2.556112
2117 1817 19026118 2.556112
2117 1824 19026124 2.556112
2124 1822 19026130 2.556112
2120 1821 19026136 2.556112
2122 1826 19026142 2.556112
2120 1818 19026147 2.556112
2124 1822 19026153 2.556112
2124 1823 19026159 2.556112
2124 1820 19026165 2.556112
2116 1821 19026171 2.556112
2119 1820 19026177 2.556112
2119 1820 19026182 2.556112
2121 1818 19026188 2.556112
2121 1829 19026194 2.556112
2120 1824 19026200 2.556112
2124 1818 19026206 2.556112
2125 1823 19026212 2.556112
2122 1824 19026217 2.556112
2119 1821 19026223 2.556112
2123 1829 19026229 2.556112
2119 1818 19026235 2.556112
2129 1831 19026241 2.556112
2124 1826 19026247 2.556112
2124 1826 19026252 2.556112
2128 1822 19026258 2.556112
2124 1826 19026264 2.556112
2126 1827 19026270 2.556112
2121 1828 19026276 2.556112
2126 1828 19026282 2.556112
2124 1825 19026288 2.556112
2128 1826 19026293 2.556112
2122 1822 19026299 2.556112
2122 1823 19026305 2.556112
2117 1821 19026311 2.556112
2121 1821 19026317 2.556112
2122 1819 19026323 2.556112
2120 1816 19026328 2.556112
2128 1827 19026334 2.556112
2123 1827 19026340 2.556112
2124 1826 19026346 2.556112
2123 1826 19026352 2.556112
2123 1816 19026358 2.556112
2118 1824 19026363 2.556112
2118 1821 19026369 2.556112
2124 1816 19026375 2.556112
2124 1819 19026381 2.556112
2122 1821 19026387 2.556112
2120 1822 19026393 2.556112
2121 1826 19026398 2.556112
2124 1820 19026404 2.556112
2118 1824 19026410 2.556112
2122 1819 19026416 2.556112
2124 1820 19026422 2.556112
2123 1823 19026428 2.556112
2121 1822 19026433 2.556112
2123 1822 19026439 2.556112
2127 1827 19026445 2.556112
2122 1829 19026451 2.556112
2125 1824 19026457 2.556112
2125 1825 19026463 2.556112
2124 1822 19026468 2.556112
2123 1826 19026474 2.556112
2127 1832 19026480 2.556112
2124 1827 19026486 2.556112
2125 1825 19026492 2.556112
2124 1826 19026498 2.556112
2122 1825 19026503 2.556112
2127 1825 19026509 2.556112
2123 1825 19026515 2.556112
2128 1825 19026521 2.556112
2128 1819 19026527 2.556112
2122 1821 19026533 2.556112
2120 1825 19026539 2.556112
2125 1822 19026544 2.556112
2123 1821 19026550 2.556112
2121 1821 19026556 2.556112
2122 1822 19026562 2.556112
2126 1823 19026568 2.556112
2122 1822 19026574 2.556112
2125 1825 19026579 2.556112
2127 1821 19026585 2.556112
2125 1820 19026591 2.556112
2122 1818 19026597 2.556112
2120 1826 19026603 2.556112
2118 1816 19026609 2.556112
2122 1820 19026614 2.556112
2124 1823 19026620 2.556112
2120 1827 19026626 2.556112
2125 1822 19026632 2.556112
2125 1819 19026638 2.556112
2124 1819 19026644 2.556112
2125 1824 19026649 2.556112
2120 1824 19026655 2.556112
2121 1822 19026661 2.556112
2123 1820 19026667 2.556112
2126 1826 19026673 2.556112
2125 1822 19026679 2.556112
2125 1826 19026684 2.556112
2128 1823 19026690 2.556112
2129 1825 19026696 2.556112
2120 1824 19026702 2.556112
2120 1824 19026708 2.556112
2120 1821 19026714 2.556112
2121 1825 19026719 2.556112
2123 1825 19026725 2.556112
2123 1825 19026731 2.556112
2125 1822 19026737 2.556112
2119 1817 19026743 2.556112
2118 1823 19026749 2.556112
2120 1817 19026755 2.556112
2111 1814 19026760 2.556112
2121 1827 19026766 2.556112
2122 1820 19026772 2.556112
2120 1821 19026778 2.556112
2128 1826 19026784 2.556112
2121 1816 19026790 2.556112
2121 1823 19026795 2.556112
2123 1823 19026801 2.556112
2119 1822 19026807 2.556112
2124 1824 19026813 2.556112
2125 1822 19026819 2.556112
2129 1828 19026825 2.556112
2127 1829 19026830 2.556112
2126 1821 19026836 2.556112
2123 1824 19026842 2.556112
2117 1820 19026848 2.556112
2121 1820 19026854 2.556112
2123 1820 19026860 2.556112
2120 1820 19026865 2.556112
2124 1824 19026871 2.556112
2124 1825 19026877 2.556112
2126 1826 19026883 2.556112
2128 1823 19026889 2.556112
2120 1824 19026895 2.556112
2122 1825 19026900 2.556112
2118 1824 19026906 2.556112
2123 1820 19026912 2.556112
2127 1820 19026918 2.556112
2122 1819 19026924 2.556112
2122 1824 19026930 2.556112
2125 1824 19026935 2.556112
2128 1821 19026941 2.556112
2133 1829 19026947 2.556112
2124 1832 19026953 2.556112
2128 1827 19026959 2.556112
2127 1827 19026965 2.556112
2125 1826 19026970 2.556112
2124 1822 19026976 2.556112
2123 1825 19026982 2.556112
2116 1826 19026988 2.556112
2124 1825 19026994 2.556112
2120 1822 19027001 2.556112
2124 1830 19027007 2.556112
2122 1822 19027012 2.556112
2124 1825 19027018 2.556112
2126 1816 19027024 2.556112
2123 1822 19027030 2.556112
2124 1817 19027036 2.556112
2121 1824 19027042 2.556112
2122 1820 19027048 2.556112
2128 1826 19027053 2.556112
2123 1821 19027059 2.556112
2125 1821 19027065 2.556112
2124 1825 19027071 2.556112
2125 1827 19027077 2.556112
2126 1823 19027083 2.556112
2123 1823 19027088 2.556112
2124 1824 19027094 2.556112
2121 1829 19027100 2.556112
2126 1825 19027106 2.556112
2120 1822 19027112 2.556112
2128 1820 19027118 2.556112
2127 1827 19027123 2.556112
2124 1825 19027129 2.556112
2124 1827 19027135 2.556112
2126 1828 19027141 2.556112
2129 1830 19027147 2.556112
2126 1829 19027153 2.556112
2132 1827 19027158 2.556112
2125 1823 19027164 2.556112
2129 1828 19027170 2.556112
2126 1822 19027176 2.556112
2124 1830 19027182 2.556112
2124 1825 19027188 2.556112
2121 1822 19027193 2.556112
2126 1830 19027199 2.556112
2122 1824 19027205 2.556112
2131 1831 19027211 2.556112
2133 1828 19027217 2.556112
2126 1823 19027223 2.556112
2127 1833 19027228 2.556112
2120 1822 19027234 2.556112
2119 1818 19027240 2.556112
2122 1826 19027246 2.556112
2120 1819 19027252 2.556112
2124 1822 19027258 2.556112
2120 1824 19027263 2.556112
2126 1825 19027269 2.556112
2131 1831 19027275 2.556112
2124 1829 19027281 2.556112
2124 1825 19027287 2.556112
2126 1826 19027293 2.556112
2123 1824 19027299 2.556112
2129 1828 19027304 2.556112
2123 1823 19027310 2.556112
2118 1816 19027316 2.556112
2125 1826 19027322 2.556112
2128 1825 19027328 2.556112
2127 1831 19027334 2.556112
2132 1827 19027339 2.556112
2126 1822 19027345 2.556112
2124 1823 19027351 2.556112
2122 1822 19027357 2.556112
2117 1822 19027363 2.556112
2121 1824 19027369 2.556112
2121 1822 19027374 2.556112
2123 1824 19027380 2.556112
2136 1835 19027386 2.556112
2129 1827 19027392 2.556112
2132 1835 19027398 2.556112
2131 1831 19027404 2.556112
2135 1832 19027409 2.556112
2129 1831 19027415 2.556112
2125 1823 19027421 2.556112
2128 1823 19027427 2.556112
2120 1828 19027433 2.556112
2123 1822 19027439 2.556112
2123 1823 19027444 2.556112
2125 1824 19027450 2.556112
2127 1829 19027456 2.556112
2128 1831 19027462 2.556112
2125 1824 19027468 2.556112
2129 1827 19027474 2.556112
2123 1828 19027479 2.556112
2124 1820 19027485 2.556112
2121 1818 19027491 2.556112
2121 1822 19027497 2.556112
2120 1823 19027503 2.556112
2124 1823 19027509 2.556112
2123 1825 19027515 2.556112
2124 1824 19027520 2.556112
2127 1822 19027526 2.556112
2122 1827 19027532 2.556112
2121 1821 19027538 2.556112
2121 1819 19027544 2.556112
2122 1823 19027550 2.556112
2117 1822 19027555 2.556112
2123 1820 19027561 2.556112
2121 1822 19027567 2.556112
2123 1826 19027573 2.556112
2122 1826 19027579 2.556112
2127 1829 19027585 2.556112
2126 1817 19027590 2.556112
2124 1818 19027596 2.556112
2120 1821 19027602 2.556112
2118 1821 19027608 2.556112
2118 1820 19027614 2.556112
2125 1822 19027620 2.556112
2128 1825 19027625 2.556112
2126 1830 19027631 2.556112
2125 1825 19027637 2.556112
2127 1831 19027643 2.556112
2132 1828 19027649 2.556112
2129 1824 19027655 2.556112
2125 1827 19027660 2.556112
2121 1824 19027666 2.556112
2122 1820 19027672 2.556112
2121 1824 19027678 2.556112
2118 1830 19027684 2.556112
2126 1827 19027690 2.556112
2126 1829 19027695 2.556112
2126 1827 19027701 2.556112
2125 1823 19027707 2.556112
2122 1826 19027713 2.556112
2119 1823 19027719 2.556112
2125 1828 19027725 2.556112
2129 1824 19027730 2.556112
2128 1831 19027736 2.556112
2129 1832 19027742 2.556112
2128 1828 19027748 2.556112
2127 1825 19027754 2.556112
2126 1827 19027760 2.556112
2127 1826 19027766 2.556112
2124 1822 19027771 2.556112
2121 1822 19027777 2.556112
2121 1823 19027783 2.556112
2120 1821 19027789 2.556112
2123 1824 19027795 2.556112
2122 1825 19027801 2.556112
2126 1825 19027806 2.556112
2128 1830 19027812 2.556112
2127 1826 19027818 2.556112
2126 1823 19027824 2.556112
2126 1825 19027830 2.556112
2120 1822 19027836 2.556112
2124 1826 19027841 2.556112
2118 1819 19027847 2.556112
2122 1824 19027853 2.556112
2131 1822 19027859 2.556112
2127 1825 19027865 2.556112
2123 1829 19027871 2.556112
2133 1830 19027876 2.556112
2129 1829 19027882 2.556112
2127 1828 19027888 2.556112
2123 1825 19027894 2.556112
2123 1824 19027900 2.556112
2130 1830 19027906 2.556112
2130 1826 19027911 2.556112
2127 1832 19027917 2.556112
2132 1826 19027923 2.556112
2131 1825 19027929 2.556112
2129 1827 19027935 2.556112
2129 1830 19027941 2.556112
2126 1826 19027947 2.556112
2129 1835 19027952 2.556112
2128 1826 19027958 2.556112
2127 1828 19027964 2.556112
2130 1827 19027970 2.556112
2133 1833 19027976 2.556112
2133 1830 19027982 2.556112
2130 1827 19027987 2.556112
2130 1832 19027993 2.556112
2129 1829 19028000 2.556112
2125 1827 19028006 2.556112
2128 1827 19028012 2.556112
2122 1824 19028018 2.556112
2127 1830 19028024 2.556112
2122 1822 19028029 2.556112
2126 1827 19028035 2.556112
2128 1829 19028041 2.556112
2124 1825 19028047 2.556112
2121 1831 19028053 2.556112
2127 1829 19028059 2.556112
2128 1824 19028064 2.556112
2127 1821 19028070 2.556112
2122 1821 19028076 2.556112
2126 1827 19028082 2.556112
2122 1824 19028088 2.556112
2122 1827 19028094 2.556112
2125 1824 19028099 2.556112
2129 1829 19028105 2.556112
2123 1830 19028111 2.556112
2128 1823 19028117 2.556112
2124 1824 19028123 2.556112
2124 1822 19028129 2.556112
2125 1819 19028134 2.556112
2123 1823 19028140 2.556112
2125 1822 19028146 2.556112
2124 1828 19028152 2.556112
2129 1830 19028158 2.556112
2127 1826 19028164 2.556112
2124 1828 19028169 2.556112
2126 1834 19028175 2.556112
2128 1826 19028181 2.556112
2128 1827 19028187 2.556112
2131 1831 19028193 2.556112
2127 1828 19028199 2.556112
2124 1827 19028204 2.556112
2126 1826 19028210 2.556112
2124 1821 19028216 2.556112
2121 1825 19028222 2.556112
2128 1823 19028228 2.556112
2122 1819 19028234 2.556112
2124 1827 19028239 2.556112
2125 1827 19028245 2.556112
2127 1823 19028251 2.556112
2130 1829 19028257 2.556112
2130 1827 19028263 2.556112
2124 1829 19028269 2.556112
2129 1826 19028275 2.556112
2130 1827 19028280 2.556112
2123 1827 19028286 2.556112
2123 1830 19028292 2.556112
2125 1823 19028298 2.556112
2123 1821 19028304 2.556112
2127 1823 19028310 2.556112
2127 1827 19028315 2.556112
2128 1826 19028321 2.556112
2127 1825 19028327 2.556112
2129 1828 19028333 2.556112
2128 1826 19028339 2.556112
2130 1833 19028345 2.556112
2125 1829 19028350 2.556112
2125 1822 19028356 2.556112
2123 1819 19028362 2.556112
2121 1821 19028368 2.556112
2124 1826 19028374 2.556112
2126 1824 19028380 2.556112
2125 1824 19028385 2.556112
2125 1829 19028391 2.556112
2125 1827 19028397 2.556112
2130 1827 19028403 2.556112
2128 1827 19028409 2.556112
2129 1829 19028415 2.556112
2129 1826 19028420 2.556112
2126 1825 19028426 2.556112
2125 1826 19028432 2.556112
2127 1828 19028438 2.556112
2125 1833 19028444 2.556112
2131 1828 19028450 2.556112
2128 1828 19028455 2.556112
2128 1830 19028461 2.556112
2126 1827 19028467 2.556112
2129 1828 19028473 2.556112
2125 1829 19028479 2.556112
2126 1828 19028485 2.556112
2131 1828 19028491 2.556112
2126 1832 19028496 2.556112
2129 1830 19028502 2.556112
2125 1831 19028508 2.556112
2133 1826 19028514 2.556112
2126 1827 19028520 2.556112
2125 1822 19028526 2.556112
2123 1826 19028531 2.556112
2128 1828 19028537 2.556112
2130 1825 19028543 2.556112
2132 1827 19028549 2.556112
2129 1826 19028555 2.556112
2120 1827 19028561 2.556112
2129 1827 19028566 2.556112
2128 1825 19028572 2.556112
2129 1826 19028578 2.556112
2125 1825 19028584 2.556112
2128 1838 19028590 2.556112
2129 1829 19028596 2.556112
2123 1826 19028601 2.556112
2121 1827 19028607 2.556112
2125 1827 19028613 2.556112
2121 1825 19028619 2.556112
2126 1827 19028625 2.556112
2125 1826 19028631 2.556112
2125 1823 19028636 2.556112
2126 1833 19028642 2.556112
2128 1826 19028648 2.556112
2129 1827 19028654 2.556112
2126 1828 19028660 2.556112
2128 1830 19028666 2.556112
2124 1826 19028671 2.556112
2123 1826 19028677 2.556112
2125 1828 19028683 2.556112
2127 1824 19028689 2.556112
2128 1830 19028695 2.556112
2129 1829 19028701 2.556112
2130 1831 19028706 2.556112
2133 1830 19028712 2.556112
2123 1827 19028718 2.556112
2129 1834 19028724 2.556112
2133 1831 19028730 2.556112
2123 1831 19028736 2.556112
2129 1831 19028742 2.556112
2126 1833 19028747 2.556112
2129 1828 19028753 2.556112
2132 1829 19028759 2.556112
2126 1826 19028765 2.556112
2128 1829 19028771 2.556112
2126 1827 19028777 2.556112
2127 1824 19028782 2.556112
2126 1825 19028788 2.556112
2127 1824 19028794 2.556112
2134 1833 19028800 2.556112
2128 1834 19028806 2.556112
2132 1830 19028812 2.556112
2126 1826 19028817 2.556112
2125 1823 19028823 2.556112
2128 1827 19028829 2.556112
2128 1829 19028835 2.556112
2128 1831 19028841 2.556112
2132 1831 19028847 2.556112
2128 1825 19028852 2.556112
2131 1824 19028858 2.556112
2130 1829 19028864 2.556112
2126 1828 19028870 2.556112
2126 1831 19028876 2.556112
2131 1830 19028882 2.556112
2129 1829 19028887 2.556112
2128 1831 19028893 2.556112
2125 1828 19028899 2.556112
2129 1827 19028905 2.556112
2128 1827 19028911 2.556112
2129 1826 19028917 2.556112
2129 1829 19028923 2.556112
2125 1823 19028928 2.556112
2124 1829 19028934 2.556112
2125 1831 19028940 2.556112
2122 1826 19028946 2.556112
2129 1826 19028952 2.556112
2130 1830 19028958 2.556112
2131 1828 19028963 2.556112
2127 1830 19028969 2.556112
2129 1831 19028975 2.556112
2131 1830 19028981 2.556112
2127 1828 19028987 2.556112
2127 1825 19028993 2.556112
2128 1827 19029000 2.556112
2126 1834 19029005 2.556112
2130 1828 19029011 2.556112
2120 1829 19029017 2.556112
2130 1830 19029023 2.556112
2127 1832 19029029 2.556112
2127 1828 19029035 2.556112
2124 1827 19029040 2.556112
2126 1824 19029046 2.556112
2126 1825 19029052 2.556112
2129 1826 19029058 2.556112
2126 1830 19029064 2.556112
2125 1830 19029070 2.556112
2126 1828 19029075 2.556112
2127 1823 19029081 2.556112
2125 1830 19029087 2.556112
2128 1827 19029093 2.556112
2126 1830 19029099 2.556112
2127 1829 19029105 2.556112
2128 1827 19029110 2.556112
2128 1827 19029116 2.556112
2126 1829 19029122 2.556112
2129 1826 19029128 2.556112
2129 1830 19029134 2.556112
2129 1830 19029140 2.556112
2129 1829 19029145 2.556112
2125 1825 19029151 2.556112
2132 1827 19029157 2.556112
2127 1828 19029163 2.556112
2125 1828 19029169 2.556112
2124 1824 19029175 2.556112
2126 1824 19029181 2.556112
2126 1826 19029186 2.556112
2125 1825 19029192 2.556112
2125 1824 19029198 2.556112
2125 1827 19029204 2.556112
2126 1831 19029210 2.556112
2129 1826 19029216 2.556112
2125 1823 19029221 2.556112
2127 1826 19029227 2.556112
2124 1829 19029233 2.556112
2130 1832 19029239 2.556112
2135 1833 19029245 2.556112
2129 1827 19029251 2.556112
2126 1824 19029256 2.556112
2128 1827 19029262 2.556112
2131 1825 19029268 2.556112
2129 1829 19029274 2.556112
2125 1829 19029280 2.556112
2130 1828 19029286 2.556112
2126 1831 19029291 2.556112
2131 1833 19029297 2.556112
2131 1828 19029303 2.556112
2126 1830 19029309 2.556112
2134 1832 19029315 2.556112
2125 1828 19029321 2.556112
2124 1825 19029326 2.556112
2130 1832 19029332 2.556112
2128 1827 19029338 2.556112
2130 1827 19029344 2.556112
2128 1829 19029350 2.556112
2135 1828 19029356 2.556112
2123 1828 19029361 2.556112
2121 1827 19029367 2.556112
2131 1830 19029373 2.556112
2126 1827 19029379 2.556112
2125 1827 19029385 2.556112
2129 1832 19029391 2.556112
2127 1819 19029396 2.556112
2130 1828 19029402 2.556112
2128 1830 19029408 2.556112
2129 1832 19029414 2.556112
2128 1842 19029420 2.556112
2125 1828 19029426 2.556112
2130 1827 19029432 2.556112
2125 1827 19029437 2.556112
2126 1827 19029443 2.556112
2132 1833 19029449 2.556112
2127 1831 19029455 2.556112
2132 1831 19029461 2.556112
2124 1827 19029467 2.556112
2128 1823 19029472 2.556112
2132 1831 19029478 2.556112
2128 1830 19029484 2.556112
2128 1833 19029490 2.556112
2133 1831 19029496 2.556112
2128 1834 19029502 2.556112
2129 1826 19029507 2.556112
2129 1827 19029513 2.556112
2131 1834 19029519 2.556112
2129 1830 19029525 2.556112
2131 1832 19029531 2.556112
2131 1829 19029537 2.556112
2128 1827 19029542 2.556112
2133 1829 19029548 2.556112
2130 1826 19029554 2.556112
2129 1835 19029560 2.556112
2129 1833 19029566 2.556112
2136 1831 19029572 2.556112
2131 1834 19029577 2.556112
2128 1837 19029583 2.556112
2135 1833 19029589 2.556112
2132 1830 19029595 2.556112
2127 1830 19029601 2.556112
2126 1836 19029607 2.556112
2130 1828 19029612 2.556112
2130 1831 19029618 2.556112
2130 1830 19029624 2.556112
2125 1833 19029630 2.556112
2121 1829 19029636 2.556112
2130 1830 19029642 2.556112
2127 1828 19029648 2.556112
2126 1829 19029653 2.556112
2123 1828 19029659 2.556112
2129 1824 19029665 2.556112
2127 1826 19029671 2.556112
2125 1830 19029677 2.556112
2124 1826 19029683 2.556112
2126 1825 19029688 2.556112
2131 1829 19029694 2.556112
2128 1829 19029700 2.556112
2127 1829 19029706 2.556112
2130 1825 19029712 2.556112
2130 1826 19029718 2.556112
2127 1831 19029723 2.556112
2125 1831 19029729 2.556112
2132 1828 19029735 2.556112
2130 1832 19029741 2.556112
2128 1831 19029747 2.556112
2129 1830 19029753 2.556112
2130 1825 19029758 2.556112
2131 1831 19029764 2.556112
2129 1830 19029770 2.556112
2130 1828 19029776 2.556112
2132 1834 19029782 2.556112
2129 1826 19029788 2.556112
2133 1829 19029793 2.556112
2126 1827 19029799 2.556112
2130 1829 19029805 2.556112
2135 1832 19029811 2.556112
2128 1830 19029817 2.556112
2130 1832 19029823 2.556112
2131 1827 19029828 2.556112
2128 1827 19029834 2.556112
2130 1834 19029840 2.556112
2127 1831 19029846 2.556112
2130 1830 19029852 2.556112
2129 1827 19029858 2.556112
2129 1829 19029863 2.556112
2129 1829 19029869 2.556112
2128 1826 19029875 2.556112
2130 1829 19029881 2.556112
2133 1835 19029887 2.556112
2126 1829 19029893 2.556112
2126 1830 19029899 2.556112
2127 1833 19029904 2.556112
2128 1826 19029910 2.556112
2128 1830 19029916 2.556112
2132 1832 19029922 2.556112
2126 1822 19029928 2.556112
2125 1827 19029934 2.556112
2126 1828 19029939 2.556112
2129 1825 19029945 2.556112
2131 1833 19029951 2.556112
2134 1829 19029957 2.556112
2129 1829 19029963 2.556112
2125 1828 19029969 2.556112
2132 1835 19029974 2.556112
2130 1833 19029980 2.556112
2128 1826 19029986 2.556112
2128 1832 19029992 2.556112
2120 1825 19029999 2.556112
2128 1828 19030005 2.556112
2131 1831 19030011 2.556112
2130 1835 19030016 2.556112
2132 1829 19030022 2.556112
2129 1822 19030028 2.556112
2129 1834 19030034 2.556112
2128 1829 19030040 2.556112
2127 1826 19030046 2.556112
2129 1829 19030051 2.556112
2129 1827 19030057 2.556112
2128 1832 19030063 2.556112
2133 1831 19030069 2.556112
2132 1832 19030075 2.556112
2132 1828 19030081 2.556112
2126 1830 19030086 2.556112
2128 1836 19030092 2.556112
2128 1828 19030098 2.556112
2128 1827 19030104 2.556112
2125 1821 19030110 2.556112
2127 1825 19030116 2.556112
2133 1835 19030121 2.556112
2132 1827 19030127 2.556112
2134 1835 19030133 2.556112
2133 1830 19030139 2.556112
2133 1832 19030145 2.556112
2133 1833 19030151 2.556112
2131 1834 19030156 2.556112
2130 1829 19030162 2.556112
2128 1832 19030168 2.556112
2129 1828 19030174 2.556112
2128 1833 19030180 2.556112
2126 1831 19030186 2.556112
2130 1826 19030192 2.556112
2130 1833 19030197 2.556112
2132 1832 19030203 2.556112
2129 1830 19030209 2.556112
2129 1832 19030215 2.556112
2133 1830 19030221 2.556112
2131 1829 19030227 2.556112
2129 1832 19030232 2.556112
2125 1827 19030238 2.556112
2129 1824 19030244 2.556112
2128 1831 19030250 2.556112
2131 1830 19030256 2.556112
2128 1831 19030262 2.556112
2129 1832 19030267 2.556112
2132 1830 19030273 2.556112
2136 1830 19030279 2.556112
2140 1836 19030285 2.556112
2133 1834 19030291 2.556112
2135 1835 19030297 2.556112
2134 1828 19030302 2.556112
2127 1832 19030308 2.556112
2124 1831 19030314 2.556112
2126 1827 19030320 2.556112
2129 1823 19030326 2.556112
2130 1828 19030332 2.556112
2129 1829 19030337 2.556112
2131 1829 19030343 2.556112
2131 1833 19030349 2.556112
2126 1835 19030355 2.556112
2129 1830 19030361 2.556112
2129 1834 19030367 2.556112
2128 1830 19030372 2.556112
2123 1829 19030378 2.556112
2125 1826 19030384 2.556112
2128 1828 19030390 2.556112
2131 1825 19030396 2.556112
2133 1831 19030402 2.556112
2134 1822 19030408 2.556112
2131 1826 19030413 2.556112
2134 1827 19030419 2.556112
2126 1828 19030425 2.556112
2126 1828 19030431 2.556112
2128 1831 19030437 2.556112
2128 1825 19030443 2.556112
2126 1827 19030448 2.556112
2130 1832 19030454 2.556112
2132 1831 19030460 2.556112
2134 1834 19030466 2.556112
2133 1830 19030472 2.556112
2131 1831 19030478 2.556112
2132 1832 19030483 2.556112
2127 1825 19030489 2.556112
2126 1832 19030495 2.556112
2129 1827 19030501 2.556112
2131 1833 19030507 2.556112
2135 1835 19030513 2.556112
2137 1836 19030518 2.556112
2137 1833 19030524 2.556112
2138 1842 19030530 2.556112
2134 1841 19030536 2.556112
2131 1827 19030542 2.556112
2134 1833 19030548 2.556112
2129 1829 19030553 2.556112
2131 1831 19030559 2.556112
2129 1825 19030565 2.556112
2132 1829 19030571 2.556112
2131 1833 19030577 2.556112
2135 1835 19030583 2.556112
2135 1831 19030588 2.556112
2136 1834 19030594 2.556112
2135 1834 19030600 2.556112
2133 1833 19030606 2.556112
2129 1826 19030612 2.556112
2128 1830 19030618 2.556112
2132 1834 19030623 2.556112
2132 1831 19030629 2.556112
2133 1834 19030635 2.556112
2130 1830 19030641 2.556112
2132 1825 19030647 2.556112
2135 1833 19030653 2.556112
2134 1836 19030659 2.556112
2136 1836 19030664 2.556112
2128 1831 19030670 2.556112
2125 1828 19030676 2.556112
2130 1830 19030682 2.556112
2129 1830 19030688 2.556112
2129 1825 19030694 2.556112
2131 1826 19030699 2.556112
2133 1831 19030705 2.556112
2131 1832 19030711 2.556112
2129 1834 19030717 2.556112
2134 1833 19030723 2.556112
2133 1833 19030729 2.556112
2129 1829 19030734 2.556112
2129 1831 19030740 2.556112
2130 1829 19030746 2.556112
2130 1832 19030752 2.556112
2128 1839 19030758 2.556112
2134 1834 19030764 2.556112
2134 1830 19030769 2.556112
2132 1831 19030775 2.556112
2136 1832 19030781 2.556112
2133 1834 19030787 2.556112
2131 1832 19030793 2.556112
2134 1837 19030799 2.556112
2132 1831 19030805 2.556112
2130 1832 19030810 2.556112
2131 1827 19030816 2.556112
2132 1834 19030822 2.556112
2134 1837 19030828 2.556112
2135 1834 19030834 2.556112
2132 1832 19030840 2.556112
2134 1840 19030846 2.556112
2133 1834 19030851 2.556112
2135 1838 19030857 2.556112
2134 1831 19030863 2.556112
2133 1833 19030869 2.556112
2128 1828 19030875 2.556112
2128 1829 19030881 2.556112
2132 1830 19030886 2.556112
2132 1834 19030892 2.556112
2132 1829 19030898 2.556112
2133 1830 19030904 2.556112
2132 1833 19030910 2.556112
2134 1832 19030916 2.556112
2134 1835 19030922 2.556112
2133 1833 19030927 2.556112
2132 1831 19030933 2.556112
2128 1828 19030939 2.556112
2127 1828 19030945 2.556112
2131 1830 19030951 2.556112
2129 1831 19030957 2.556112
2134 1832 19030962 2.556112
2130 1835 19030968 2.556112
2137 1833 19030974 2.556112
2135 1832 19030980 2.556112
2133 1840 19030986 2.556112
2133 1824 19030992 2.556112
2127 1830 19030999 2.556112
2130 1825 19031005 2.556112
2127 1828 19031010 2.556112
2133 1834 19031016 2.556112
2128 1833 19031022 2.556112
2135 1836 19031028 2.556112
2135 1837 19031034 2.556112
2137 1840 19031040 2.556112
2136 1834 19031046 2.556112
2132 1838 19031051 2.556112
2132 1838 19031057 2.556112
2133 1827 19031063 2.556112
2135 1834 19031069 2.556112
2136 1828 19031075 2.556112
2132 1834 19031081 2.556112
2132 1838 19031087 2.556112
2132 1839 19031092 2.556112
2140 1836 19031098 2.556112
2133 1836 19031104 2.556112
2136 1834 19031110 2.556112
2137 1823 19031116 2.556112
2131 1829 19031122 2.556112
2135 1834 19031127 2.556112
2130 1831 19031133 2.556112
2130 1829 19031139 2.556112
2134 1833 19031145 2.556112
2133 1831 19031151 2.556112
2132 1835 19031157 2.556112
2130 1833 19031163 2.556112
2131 1833 19031168 2.556112
2130 1831 19031174 2.556112
2125 1825 19031180 2.556112
2129 1825 19031186 2.556112
2125 1831 19031192 2.556112
2130 1829 19031198 2.556112
2129 1831 19031204 2.556112
2131 1830 19031209 2.556112
2134 1821 19031215 2.556112
2131 1830 19031221 2.556112
2130 1830 19031227 2.556112
2132 1827 19031233 2.556112
2135 1829 19031239 2.556112
2134 1831 19031244 2.556112
2135 1836 19031250 2.556112
2129 1829 19031256 2.556112
2137 1838 19031262 2.556112
2138 1839 19031268 2.556112
2136 1834 19031274 2.556112
2135 1832 19031280 2.556112
2132 1837 19031285 2.556112
2136 1834 19031291 2.556112
2133 1830 19031297 2.556112
2132 1834 19031303 2.556112
2133 1838 19031309 2.556112
2136 1836 19031315 2.556112
2134 1834 19031321 2.556112
2137 1829 19031326 2.556112
2135 1836 19031332 2.556112
2133 1838 19031338 2.556112
2130 1832 19031344 2.556112
2138 1836 19031350 2.556112
2137 1833 19031356 2.556112
2134 1838 19031361 2.556112
2139 1838 19031367 2.556112
2136 1834 19031373 2.556112
2139 1831 19031379 2.556112
2136 1832 19031385 2.556112
2129 1831 19031391 2.556112
2135 1834 19031397 2.556112
2141 1833 19031402 2.556112
2134 1833 19031408 2.556112
2130 1832 19031414 2.556112
2135 1834 19031420 2.556112
2140 1834 19031426 2.556112
2135 1832 19031432 2.556112
2136 1835 19031438 2.556112
2131 1837 19031443 2.556112
2136 1837 19031449 2.556112
2134 1835 19031455 2.556112
2138 1831 19031461 2.556112
2135 1837 19031467 2.556112
2127 1829 19031473 2.556112
2134 1830 19031478 2.556112
2137 1835 19031484 2.556112
2133 1835 19031490 2.556112
2134 1831 19031496 2.556112
2131 1834 19031502 2.556112
2140 1835 19031508 2.556112
2135 1834 19031514 2.556112
2129 1837 19031519 2.556112
2132 1840 19031525 2.556112
2134 1830 19031531 2.556112
2131 1833 19031537 2.556112
2135 1833 19031543 2.556112
2136 1832 19031549 2.556112
2135 1833 19031555 2.556112
2132 1830 19031560 2.556112
2135 1835 19031566 2.556112
2136 1839 19031572 2.556112
2135 1832 19031578 2.556112
2138 1840 19031584 2.556112
2136 1836 19031590 2.556112
2137 1835 19031595 2.556112
2135 1837 19031601 2.556112
2133 1829 19031607 2.556112
2130 1834 19031613 2.556112
2133 1832 19031619 2.556112
2133 1832 19031625 2.556112
2135 1832 19031631 2.556112
2137 1836 19031636 2.556112
2130 1836 19031642 2.556112
2124 1828 19031648 2.556112
2132 1835 19031654 2.556112
2132 1827 19031660 2.556112
2136 1828 19031666 2.556112
2133 1831 19031671 2.556112
2132 1834 19031677 2.556112
2130 1835 19031683 2.556112
2130 1832 19031689 2.556112
2130 1833 19031695 2.556112
2130 1831 19031701 2.556112
2126 1825 19031707 2.556112
2132 1832 19031712 2.556112
2127 1827 19031718 2.556112
2128 1830 19031724 2.556112
2138 1826 19031730 2.556112
2132 1829 19031736 2.556112
2135 1836 19031742 2.556112
2135 1831 19031748 2.556112
2134 1833 19031753 2.556112
2135 1835 19031759 2.556112
2130 1830 19031765 2.556112
2132 1835 19031771 2.556112
2138 1833 19031777 2.556112
2132 1825 19031783 2.556112
2133 1837 19031788 2.556112
2130 1837 19031794 2.556112
2134 1829 19031800 2.556112
2138 1837 19031806 2.556112
2135 1838 19031812 2.556112
2130 1834 19031818 2.556112
2133 1833 19031824 2.556112
2138 1831 19031829 2.556112
2131 1836 19031835 2.556112
2131 1834 19031841 2.556112
2134 1835 19031847 2.556112
2132 1833 19031853 2.556112
2134 1833 19031859 2.556112
2133 1832 19031865 2.556112
2132 1831 19031870 2.556112
2131 1833 19031876 2.556112
2132 1834 19031882 2.556112
2131 1830 19031888 2.556112
2129 1828 19031894 2.556112
2134 1831 19031900 2.556112
2132 1837 19031905 2.556112
2130 1827 19031911 2.556112
2134 1831 19031917 2.556112
2128 1834 19031923 2.556112
2132 1828 19031929 2.556112
2134 1828 19031935 2.556112
2131 1837 19031941 2.556112
2127 1831 19031946 2.556112
2128 1832 19031952 2.556112
2129 1836 19031958 2.556112
2130 1828 19031964 2.556112
2128 1828 19031970 2.556112
2132 1832 19031976 2.556112
2132 1832 19031981 2.556112
2132 1830 19031987 2.556112
2133 1833 19031993 2.556112
2131 1831 19032000 2.556112
2131 1832 19032006 2.556112
2128 1829 19032012 2.556112
2128 1836 19032018 2.556112
2131 1828 19032024 2.556112
2134 1828 19032029 2.556112
2132 1833 19032035 2.556112
2132 1831 19032041 2.556112
2130 1834 19032047 2.556112
2130 1830 19032053 2.556112
2132 1836 19032059 2.556112
2134 1839 19032065 2.556112
2140 1831 19032070 2.556112
2133 1829 19032076 2.556112
2133 1830 19032082 2.556112
2132 1833 19032088 2.556112
2134 1830 19032094 2.556112
2134 1832 19032100 2.556112
2132 1835 19032105 2.556112
2137 1833 19032111 2.556112
2133 1837 19032117 2.556112
2134 1837 19032123 2.556112
2134 1834 19032129 2.556112
2135 1832 19032135 2.556112
2132 1832 19032141 2.556112
2130 1835 19032146 2.556112
2136 1836 19032152 2.556112
2132 1831 19032158 2.556112
2134 1835 19032164 2.556112
2131 1833 19032170 2.556112
2135 1829 19032176 2.556112
2131 1828 19032182 2.556112
2130 1834 19032187 2.556112
2125 1829 19032193 2.556112
2130 1828 19032199 2.556112
2127 1829 19032205 2.556112
2125 1830 19032211 2.556112
2130 1831 19032217 2.556112
2132 1828 19032222 2.556112
2130 1831 19032228 2.556112
2130 1835 19032234 2.556112
2130 1831 19032240 2.556112
2134 1833 19032246 2.556112
2134 1835 19032252 2.556112
2128 1834 19032258 2.556112
2137 1836 19032263 2.556112
2134 1833 19032269 2.556112
2132 1833 19032275 2.556112
2137 1834 19032281 2.556112
2132 1837 19032287 2.556112
2136 1833 19032293 2.556112
2134 1835 19032299 2.556112
2135 1838 19032304 2.556112
2133 1832 19032310 2.556112
2133 1834 19032316 2.556112
2134 1835 19032322 2.556112
2134 1836 19032328 2.556112
2132 1840 19032334 2.556112
2135 1834 19032339 2.556112
2137 1838 19032345 2.556112
2136 1834 19032351 2.556112
2133 1832 19032357 2.556112
2136 1832 19032363 2.556112
2130 1833 19032369 2.556112
2132 1834 19032375 2.556112
2134 1830 19032380 2.556112
2133 1834 19032386 2.556112
2130 1830 19032392 2.556112
2126 1834 19032398 2.556112
2130 1833 19032404 2.556112
2132 1829 19032410 2.556112
2126 1827 19032416 2.556112
2129 1827 19032421 2.556112
2126 1828 19032427 2.556112
2130 1831 19032433 2.556112
2130 1829 19032439 2.556112
2131 1833 19032445 2.556112
2134 1832 19032451 2.556112
2132 1829 19032456 2.556112
2130 1830 19032462 2.556112
2126 1834 19032468 2.556112
2128 1828 19032474 2.556112
2128 1831 19032480 2.556112
2130 1832 19032486 2.556112
2132 1830 19032492 2.556112
2133 1832 19032497 2.556112
2133 1832 19032503 2.556112
2132 1831 19032509 2.556112
2136 1834 19032515 2.556112
2135 1832 19032521 2.556112
2133 1836 19032527 2.556112
2134 1832 19032533 2.556112
2133 1834 19032538 2.556112
2131 1833 19032544 2.556112
2131 1833 19032550 2.556112
2138 1833 19032556 2.556112
2132 1836 19032562 2.556112
2134 1834 19032568 2.556112
2133 1831 19032573 2.556112
2133 1830 19032579 2.556112
2136 1833 19032585 2.556112
2129 1832 19032591 2.556112
2131 1832 19032597 2.556112
2128 1834 19032603 2.556112
2133 1829 19032609 2.556112
2131 1827 19032614 2.556112
2131 1830 19032620 2.556112
2128 1832 19032626 2.556112
2127 1826 19032632 2.556112
2128 1836 19032638 2.556112
2129 1830 19032644 2.556112
2133 1831 19032650 2.556112
2132 1826 19032655 2.556112
2129 1827 19032661 2.556112
2126 1832 19032667 2.556112
2131 1830 19032673 2.556112
2135 1832 19032679 2.556112
2133 1831 19032685 2.556112
2128 1828 19032690 2.556112
2128 1825 19032696 2.556112
2131 1830 19032702 2.556112
2133 1832 19032708 2.556112
2133 1828 19032714 2.556112
2129 1829 19032720 2.556112
2133 1831 19032726 2.556112
2131 1838 19032731 2.556112
2133 1834 19032737 2.556112
2131 1831 19032743 2.556112
2129 1830 19032749 2.556112
2129 1828 19032755 2.556112
2129 1833 19032761 2.556112
2131 1836 19032766 2.556112
2135 1827 19032772 2.556112
2132 1833 19032778 2.556112
2142 1837 19032784 2.556112
2136 1832 19032790 2.556112
2133 1837 19032796 2.556112
2134 1833 19032802 2.556112
2134 1832 19032807 2.556112
2133 1835 19032813 2.556112
2133 1833 19032819 2.556112
2133 1833 19032825 2.556112
2130 1836 19032831 2.556112
2135 1838 19032837 2.556112
2133 1833 19032843 2.556112
2131 1831 19032848 2.556112
2135 1831 19032854 2.556112
2131 1830 19032860 2.556112
2133 1832 19032866 2.556112
2131 1829 19032872 2.556112
2136 1833 19032878 2.556112
2131 1833 19032883 2.556112
2134 1836 19032889 2.556112
2129 1833 19032895 2.556112
2129 1835 19032901 2.556112
2131 1831 19032907 2.556112
2133 1833 19032913 2.556112
2132 1829 19032919 2.556112
2127 1827 19032924 2.556112
2127 1831 19032930 2.556112
2127 1830 19032936 2.556112
2133 1831 19032942 2.556112
2133 1830 19032948 2.556112
2133 1830 19032954 2.556112
2136 1831 19032960 2.556112
2133 1836 19032965 2.556112
2132 1834 19032971 2.556112
2134 1838 19032977 2.556112
2129 1832 19032983 2.556112
2137 1837 19032989 2.556112
2134 1835 19032995 2.556112
2137 1839 19033002 2.556112
2135 1836 19033007 2.556112
2136 1835 19033013 2.556112
2138 1840 19033019 2.556112
2132 1832 19033025 2.556112
2132 1833 19033031 2.556112
2135 1831 19033037 2.556112
2135 1834 19033043 2.556112
2135 1838 19033048 2.556112
2138 1838 19033054 2.556112
2127 1835 19033060 2.556112
2138 1834 19033066 2.556112
2135 1832 19033072 2.556112
2135 1834 19033078 2.556112
2119 1831 19033083 2.556112
2133 1832 19033089 2.556112
2132 1835 19033095 2.556112
2133 1837 19033101 2.556112
2127 1830 19033107 2.556112
2131 1829 19033113 2.556112
2136 1829 19033119 2.556112
2129 1829 19033124 2.556112
2130 1836 19033130 2.556112
2131 1829 19033136 2.556112
2131 1831 19033142 2.556112
2134 1834 19033148 2.556112
2132 1833 19033154 2.556112
2131 1831 19033159 2.556112
2133 1830 19033165 2.556112
2135 1838 19033171 2.556112
2131 1833 19033177 2.556112
2128 1829 19033183 2.556112
2133 1829 19033189 2.556112
2134 1835 19033195 2.556112
2133 1831 19033200 2.556112
2130 1835 19033206 2.556112
2130 1839 19033212 2.556112
2135 1832 19033218 2.556112
2130 1831 19033224 2.556112
2132 1836 19033230 2.556112
2134 1834 19033236 2.556112
2134 1836 19033241 2.556112
2133 1835 19033247 2.556112
2135 1834 19033253 2.556112
2135 1835 19033259 2.556112
2131 1829 19033265 2.556112
2135 1834 19033271 2.556112
2131 1836 19033276 2.556112
2132 1831 19033282 2.556112
2130 1832 19033288 2.556112
2133 1836 19033294 2.556112
2135 1837 19033300 2.556112
2135 1838 19033306 2.556112
2130 1838 19033312 2.556112
2133 1831 19033317 2.556112
2135 1841 19033323 2.556112
2138 1836 19033329 2.556112
2138 1837 19033335 2.556112
2132 1827 19033341 2.556112
2131 1831 19033347 2.556112
2130 1836 19033353 2.556112
2133 1832 19033358 2.556112
2127 1829 19033364 2.556112
2128 1826 19033370 2.556112
2126 1826 19033376 2.556112
2132 1831 19033382 2.556112
2131 1827 19033388 2.556112
2131 1831 19033393 2.556112
2131 1831 19033399 2.556112
2130 1828 19033405 2.556112
2132 1828 19033411 2.556112
2131 1832 19033417 2.556112
2131 1831 19033423 2.556112
2126 1832 19033429 2.556112
2127 1829 19033434 2.556112
2131 1831 19033440 2.556112
2132 1829 19033446 2.556112
2136 1835 19033452 2.556112
2136 1835 19033458 2.556112
2138 1837 19033464 2.556112
2132 1830 19033470 2.556112
2132 1833 19033475 2.556112
2130 1831 19033481 2.556112
2131 1828 19033487 2.556112
2128 1832 19033493 2.556112
2133 1830 19033499 2.556112
2131 1830 19033505 2.556112
2138 1838 19033510 2.556112
2135 1827 19033516 2.556112
2134 1835 19033522 2.556112
2136 1835 19033528 2.556112
2134 1831 19033534 2.556112
2132 1833 19033540 2.556112
2136 1833 19033546 2.556112
2132 1835 19033551 2.556112
2131 1835 19033557 2.556112
2131 1833 19033563 2.556112
2131 1831 19033569 2.556112
2132 1831 19033575 2.556112
2132 1836 19033581 2.556112
2135 1835 19033586 2.556112
2134 1834 19033592 2.556112
2135 1833 19033598 2.556112
2133 1846 19033604 2.556112
2137 1831 19033610 2.556112
2134 1835 19033616 2.556112
2136 1834 19033622 2.556112
2131 1832 19033627 2.556112
2129 1832 19033633 2.556112
2136 1831 19033639 2.556112
2130 1831 19033645 2.556112
2133 1833 19033651 2.556112
2132 1832 19033657 2.556112
2139 1835 19033663 2.556112
2136 1837 19033668 2.556112
2137 1833 19033674 2.556112
2135 1834 19033680 2.556112
2136 1836 19033686 2.556112
2128 1832 19033692 2.556112
2133 1830 19033698 2.556112
2128 1832 19033703 2.556112
2130 1831 19033709 2.556112
2126 1826 19033715 2.556112
2127 1831 19033721 2.556112
2129 1833 19033727 2.556112
2133 1831 19033733 2.556112
2135 1836 19033739 2.556112
2135 1835 19033744 2.556112
2132 1833 19033750 2.556112
2132 1837 19033756 2.556112
2128 1833 19033762 2.556112
2131 1833 19033768 2.556112
2132 1833 19033774 2.556112
2130 1832 19033780 2.556112
2130 1834 19033785 2.556112
2132 1835 19033791 2.556112
2135 1840 19033797 2.556112
2133 1832 19033803 2.556112
2134 1837 19033809 2.556112
2134 1835 19033815 2.556112
2133 1835 19033820 2.556112
2129 1834 19033826 2.556112
2133 1830 19033832 2.556112
2134 1836 19033838 2.556112
2132 1832 19033844 2.556112
2137 1835 19033850 2.556112
2141 1837 19033856 2.556112
2134 1836 19033861 2.556112
2139 1839 19033867 2.556112
2139 1840 19033873 2.556112
2137 1829 19033879 2.556112
2138 1839 19033885 2.556112
2133 1839 19033891 2.556112
2134 1835 19033897 2.556112
2138 1832 19033902 2.556112
2136 1836 19033908 2.556112
2133 1833 19033914 2.556112
2132 1835 19033920 2.556112
2137 1839 19033926 2.556112
2137 1841 19033932 2.556112
2136 1836 19033937 2.556112
2138 1838 19033943 2.556112
2135 1833 19033949 2.556112
2134 1837 19033955 2.556112
2135 1838 19033961 2.556112
2130 1829 19033967 2.556112
2131 1832 19033973 2.556112
2133 1831 19033978 2.556112
2133 1835 19033984 2.556112
2137 1837 19033990 2.556112
2134 1834 19033996 2.556112
2134 1835 19034003 2.556112
2136 1834 19034009 2.556112
2133 1835 19034015 2.556112
2137 1837 19034020 2.556112
2132 1830 19034026 2.556112
2132 1831 19034032 2.556112
2130 1835 19034038 2.556112
2129 1831 19034044 2.556112
2129 1829 19034050 2.556112
2129 1829 19034056 2.556112
2132 1832 19034061 2.556112
2137 1839 19034067 2.556112
2138 1838 19034073 2.556112
2137 1835 19034079 2.556112
2132 1839 19034085 2.556112
2131 1836 19034091 2.556112
2133 1834 19034096 2.556112
2130 1834 19034102 2.556112
2134 1830 19034108 2.556112
2129 1832 19034114 2.556112
2136 1832 19034120 2.556112
2134 1832 19034126 2.556112
2131 1839 19034132 2.556112
2137 1838 19034137 2.556112
2136 1836 19034143 2.556112
2134 1833 19034149 2.556112
2134 1831 19034155 2.556112
2130 1830 19034161 2.556112
2128 1828 19034167 2.556112
2128 1830 19034172 2.556112
2127 1830 19034178 2.556112
2131 1834 19034184 2.556112
2138 1831 19034190 2.556112
2134 1837 19034196 2.556112
2139 1842 19034202 2.556112
2135 1838 19034208 2.556112
2138 1839 19034213 2.556112
2135 1838 19034219 2.556112
2133 1833 19034225 2.556112
2136 1838 19034231 2.556112
2137 1836 19034237 2.556112
2137 1838 19034243 2.556112
2140 1838 19034249 2.556112
2140 1840 19034254 2.556112
2140 1838 19034260 2.556112
2139 1839 19034266 2.556112
2132 1834 19034272 2.556112
2129 1837 19034278 2.556112
2132 1834 19034284 2.556112
2130 1832 19034289 2.556112
2131 1833 19034295 2.556112
2134 1836 19034301 2.556112
2132 1836 19034307 2.556112
2138 1835 19034313 2.556112
2132 1835 19034319 2.556112
2137 1836 19034325 2.556112
2138 1833 19034330 2.556112
2133 1831 19034336 2.556112
2132 1832 19034342 2.556112
2129 1834 19034348 2.556112
2137 1836 19034354 2.556112
2136 1834 19034360 2.556112
2134 1830 19034366 2.556112
2137 1834 19034371 2.556112
2132 1836 19034377 2.556112
2134 1838 19034383 2.556112
2135 1841 19034389 2.556112
2139 1837 19034395 2.556112
2135 1836 19034401 2.556112
2133 1833 19034406 2.556112
2137 1835 19034412 2.556112
2134 1833 19034418 2.556112
2132 1834 19034424 2.556112
2131 1835 19034430 2.556112
2130 1831 19034436 2.556112
2135 1834 19034442 2.556112
2136 1833 19034447 2.556112
2137 1843 19034453 2.556112
2137 1841 19034459 2.556112
2134 1834 19034465 2.556112
2139 1839 19034471 2.556112
2134 1837 19034477 2.556112
2136 1833 19034483 2.556112
2138 1838 19034488 2.556112
2138 1835 19034494 2.556112
2139 1838 19034500 2.556112
2135 1840 19034506 2.556112
2137 1836 19034512 2.556112
2138 1836 19034518 2.556112
2137 1838 19034523 2.556112
2142 1843 19034529 2.556112
2139 1839 19034535 2.556112
2139 1838 19034541 2.556112
2136 1838 19034547 2.556112
2134 1836 19034553 2.556112
2136 1833 19034559 2.556112
2131 1833 19034564 2.556112
2133 1830 19034570 2.556112
2132 1835 19034576 2.556112
2133 1833 19034582 2.556112
2132 1835 19034588 2.556112
2134 1835 19034594 2.556112
2137 1836 19034600 2.556112
2131 1840 19034605 2.556112
2136 1835 19034611 2.556112
2139 1839 19034617 2.556112
2134 1832 19034623 2.556112
2139 1836 19034629 2.556112
2131 1829 19034635 2.556112
2130 1831 19034640 2.556112
2130 1824 19034646 2.556112
2129 1830 19034652 2.556112
2133 1831 19034658 2.556112
2133 1830 19034664 2.556112
2132 1832 19034670 2.556112
2136 1835 19034676 2.556112
2136 1837 19034681 2.556112
2135 1839 19034687 2.556112
2136 1833 19034693 2.556112
2132 1833 19034699 2.556112
2134 1837 19034705 2.556112
2134 1836 19034711 2.556112
2133 1833 19034717 2.556112
2133 1837 19034722 2.556112
2135 1833 19034728 2.556112
2135 1836 19034734 2.556112
2134 1837 19034740 2.556112
2128 1832 19034746 2.556112
2137 1840 19034752 2.556112
2139 1842 19034757 2.556112
2136 1832 19034763 2.556112
2136 1834 19034769 2.556112
2134 1833 19034775 2.556112
2129 1832 19034781 2.556112
2134 1836 19034787 2.556112
2134 1830 19034793 2.556112
2134 1832 19034798 2.556112
2136 1836 19034804 2.556112
2139 1838 19034810 2.556112
2135 1835 19034816 2.556112
2133 1840 19034822 2.556112
2135 1838 19034828 2.556112
2137 1836 19034834 2.556112
2139 1837 19034839 2.556112
2133 1836 19034845 2.556112
2137 1838 19034851 2.556112
2133 1838 19034857 2.556112
2135 1836 19034863 2.556112
2136 1837 19034869 2.556112
2133 1834 19034874 2.556112
2134 1835 19034880 2.556112
2133 1830 19034886 2.556112
2135 1840 19034892 2.556112
2134 1834 19034898 2.556112
2134 1830 19034904 2.556112
2134 1836 19034910 2.556112
2135 1834 19034915 2.556112
2134 1836 19034921 2.556112
2132 1833 19034927 2.556112
2132 1833 19034933 2.556112
2135 1833 19034939 2.556112
2130 1829 19034945 2.556112
2132 1836 19034950 2.556112
2131 1832 19034956 2.556112
2137 1836 19034962 2.556112
2129 1834 19034968 2.556112
2131 1831 19034974 2.556112
2136 1837 19034980 2.556112
2134 1833 19034986 2.556112
2136 1838 19034991 2.556112
2133 1839 19034999 2.556112
2135 1834 19035005 2.556112
2136 1834 19035011 2.556112
2132 1834 19035017 2.556112
2132 1834 19035022 2.556112
2134 1834 19035028 2.556112
2135 1833 19035034 2.556112
2135 1833 19035040 2.556112
2133 1830 19035046 2.556112
2127 1833 19035052 2.556112
2127 1832 19035057 2.556112
2130 1830 19035063 2.556112
2133 1833 19035069 2.556112
2135 1826 19035075 2.556112
2132 1831 19035081 2.556112
2129 1829 19035087 2.556112
2132 1835 19035093 2.556112
2135 1829 19035098 2.556112
2128 1829 19035104 2.556112
2131 1834 19035110 2.556112
2131 1831 19035116 2.556112
2129 1834 19035122 2.556112
2133 1829 19035128 2.556112
2132 1829 19035134 2.556112
2130 1832 19035139 2.556112
2132 1834 19035145 2.556112
2132 1832 19035151 2.556112
2136 1836 19035157 2.556112
2132 1833 19035163 2.556112
2134 1837 19035169 2.556112
2137 1834 19035174 2.556112
2136 1833 19035180 2.556112
2134 1834 19035186 2.556112
2134 1830 19035192 2.556112
2132 1832 19035198 2.556112
2133 1838 19035204 2.556112
2133 1840 19035210 2.556112
2135 1831 19035215 2.556112
2136 1838 19035221 2.556112
2135 1833 19035227 2.556112
2135 1832 19035233 2.556112
2138 1835 19035239 2.556112
2135 1831 19035245 2.556112
2134 1834 19035251 2.556112
2139 1836 19035256 2.556112
2133 1832 19035262 2.556112
2137 1835 19035268 2.556112
2133 1832 19035274 2.556112
2130 1834 19035280 2.556112
2133 1829 19035286 2.556112
2126 1832 19035291 2.556112
2131 1831 19035297 2.556112
2139 1840 19035303 2.556112
2128 1832 19035309 2.556112
2138 1836 19035315 2.556112
2135 1830 19035321 2.556112
2135 1836 19035327 2.556112
2135 1836 19035332 2.556112
2129 1833 19035338 2.556112
2131 1836 19035344 2.556112
2137 1832 19035350 2.556112
2132 1832 19035356 2.556112
2132 1834 19035362 2.556112
2135 1832 19035368 2.556112
2132 1832 19035373 2.556112
2134 1833 19035379 2.556112
2134 1831 19035385 2.556112
2133 1835 19035391 2.556112
2134 1838 19035397 2.556112
2130 1834 19035403 2.556112
2128 1831 19035408 2.556112
2132 1830 19035414 2.556112
2131 1831 19035420 2.556112
2131 1831 19035426 2.556112
2133 1835 19035432 2.556112
2129 1829 19035438 2.556112
2130 1833 19035444 2.556112
2132 1826 19035449 2.556112
2131 1834 19035455 2.556112
2135 1834 19035461 2.556112
2134 1832 19035467 2.556112
2127 1835 19035473 2.556112
2125 1828 19035479 2.556112
2124 1829 19035485 2.556112
2127 1830 19035490 2.556112
2131 1829 19035496 2.556112
2130 1834 19035502 2.556112
2132 1831 19035508 2.556112
2135 1835 19035514 2.556112
2133 1835 19035520 2.556112
2135 1831 19035525 2.556112
2131 1832 19035531 2.556112
2139 1833 19035537 2.556112
2131 1836 19035543 2.556112
2131 1834 19035549 2.556112
2131 1834 19035555 2.556112
2134 1831 19035561 2.556112
2136 1834 19035566 2.556112
2135 1833 19035572 2.556112
2139 1838 19035578 2.556112
2134 1836 19035584 2.556112
2138 1836 19035590 2.556112
2135 1835 19035596 2.556112
2135 1838 19035601 2.556112
2135 1846 19035607 2.556112
2135 1837 19035613 2.556112
2134 1834 19035619 2.556112
2137 1843 19035625 2.556112
2130 1836 19035631 2.556112
2136 1836 19035637 2.556112
2133 1832 19035642 2.556112
2135 1835 19035648 2.556112
2134 1833 19035654 2.556112
2133 1832 19035660 2.556112
2131 1833 19035666 2.556112
2139 1837 19035672 2.556112
2134 1834 19035678 2.556112
2134 1834 19035683 2.556112
2137 1838 19035689 2.556112
2130 1831 19035695 2.556112
2128 1829 19035701 2.556112
2135 1835 19035707 2.556112
2133 1832 19035713 2.556112
2132 1829 19035718 2.556112
2127 1830 19035724 2.556112
2136 1832 19035730 2.556112
2131 1830 19035736 2.556112
2129 1831 19035742 2.556112
2134 1834 19035748 2.556112
2132 1833 19035754 2.556112
2130 1831 19035759 2.556112
2132 1835 19035765 2.556112
2128 1830 19035771 2.556112
2131 1827 19035777 2.556112
2134 1830 19035783 2.556112
2135 1831 19035789 2.556112
2136 1835 19035795 2.556112
2136 1833 19035800 2.556112
2136 1841 19035806 2.556112
2135 1833 19035812 2.556112
2134 1834 19035818 2.556112
2134 1835 19035824 2.556112
2134 1830 19035830 2.556112
2132 1838 19035835 2.556112
2130 1834 19035841 2.556112
2132 1831 19035847 2.556112
2136 1839 19035853 2.556112
2133 1830 19035859 2.556112
2136 1831 19035865 2.556112
2131 1835 19035871 2.556112
2131 1831 19035876 2.556112
2131 1832 19035882 2.556112
2134 1834 19035888 2.556112
2134 1831 19035894 2.556112
2138 1829 19035900 2.556112
2134 1834 19035906 2.556112
2130 1832 19035912 2.556112
2129 1832 19035917 2.556112
2135 1839 19035923 2.556112
2134 1835 19035929 2.556112
2132 1832 19035935 2.556112
2137 1833 19035941 2.556112
2131 1834 19035947 2.556112
2136 1833 19035952 2.556112
2131 1832 19035958 2.556112
2135 1829 19035964 2.556112
2134 1835 19035970 2.556112
2133 1832 19035976 2.556112
2133 1833 19035982 2.556112
2129 1837 19035988 2.556112
2133 1831 19035993 2.556112
2134 1834 19036000 2.556112
2133 1833 19036006 2.556112
2133 1838 19036012 2.556112
2133 1835 19036018 2.556112
2131 1827 19036024 2.556112
2135 1833 19036030 2.556112
2133 1830 19036035 2.556112
2133 1831 19036041 2.556112
2134 1836 19036047 2.556112
2134 1829 19036053 2.556112
2138 1835 19036059 2.556112
2134 1832 19036065 2.556112
2136 1831 19036071 2.556112
2135 1840 19036076 2.556112
2132 1830 19036082 2.556112
2134 1837 19036088 2.556112
2133 1833 19036094 2.556112
2137 1836 19036100 2.556112
2133 1832 19036106 2.556112
2129 1829 19036111 2.556112
2128 1832 19036117 2.556112
2133 1829 19036123 2.556112
2130 1831 19036129 2.556112
2135 1834 19036135 2.556112
2130 1826 19036141 2.556112
2131 1832 19036147 2.556112
2129 1832 19036152 2.556112
2130 1830 19036158 2.556112
2133 1832 19036164 2.556112
2130 1831 19036170 2.556112
2131 1828 19036176 2.556112
2129 1835 19036182 2.556112
2131 1832 19036188 2.556112
2130 1828 19036193 2.556112
2129 1830 19036199 2.556112
2131 1828 19036205 2.556112
2132 1836 19036211 2.556112
2134 1832 19036217 2.556112
2140 1832 19036223 2.556112
2134 1832 19036228 2.556112
2140 1839 19036234 2.556112
2135 1836 19036240 2.556112
2133 1831 19036246 2.556112
2136 1836 19036252 2.556112
2134 1835 19036258 2.556112
2133 1835 19036264 2.556112
2132 1832 19036269 2.556112
2132 1830 19036275 2.556112
2134 1834 19036281 2.556112
2131 1836 19036287 2.556112
2129 1834 19036293 2.556112
2134 1835 19036299 2.556112
2135 1840 19036304 2.556112
2132 1837 19036310 2.556112
2136 1837 19036316 2.556112
2135 1836 19036322 2.556112
2134 1834 19036328 2.556112
2131 1833 19036334 2.556112
2134 1832 19036340 2.556112
2134 1833 19036345 2.556112
2131 1837 19036351 2.556112
2135 1835 19036357 2.556112
2133 1833 19036363 2.556112
2134 1834 19036369 2.556112
2132 1832 19036375 2.556112
2132 1829 19036381 2.556112
2133 1830 19036386 2.556112
2130 1832 19036392 2.556112
2132 1829 19036398 2.556112
2131 1831 19036404 2.556112
2132 1836 19036410 2.556112
2133 1833 19036416 2.556112
2131 1832 19036421 2.556112
2136 1833 19036427 2.556112
2132 1840 19036433 2.556112
2129 1831 19036439 2.556112
2132 1834 19036445 2.556112
2130 1830 19036451 2.556112
2131 1833 19036457 2.556112
2132 1831 19036462 2.556112
2131 1833 19036468 2.556112
2135 1832 19036474 2.556112
2136 1835 19036480 2.556112
2131 1835 19036486 2.556112
2138 1837 19036492 2.556112
2132 1832 19036498 2.556112
2138 1839 19036503 2.556112
2133 1834 19036509 2.556112
2136 1835 19036515 2.556112
2133 1839 19036521 2.556112
2136 1834 19036527 2.556112
2134 1835 19036533 2.556112
2140 1836 19036538 2.556112
2135 1831 19036544 2.556112
2136 1834 19036550 2.556112
2137 1835 19036556 2.556112
2136 1834 19036562 2.556112
2135 1835 19036568 2.556112
2131 1831 19036574 2.556112
2134 1836 19036579 2.556112
2138 1836 19036585 2.556112
2135 1836 19036591 2.556112
2134 1834 19036597 2.556112
2134 1837 19036603 2.556112
2139 1830 19036609 2.556112
2135 1835 19036615 2.556112
2133 1833 19036620 2.556112
2134 1832 19036626 2.556112
2134 1836 19036632 2.556112
2136 1833 19036638 2.556112
2134 1834 19036644 2.556112
2136 1836 19036650 2.556112
2137 1839 19036655 2.556112
2138 1835 19036661 2.556112
2135 1836 19036667 2.556112
2135 1839 19036673 2.556112
2135 1830 19036679 2.556112
2131 1835 19036685 2.556112
2130 1836 19036691 2.556112
2133 1833 19036696 2.556112
2131 1832 19036702 2.556112
2134 1830 19036708 2.556112
2133 1839 19036714 2.556112
2134 1835 19036720 2.556112
2136 1833 19036726 2.556112
2136 1834 19036732 2.556112
2135 1834 19036737 2.556112
2136 1838 19036743 2.556112
2137 1834 19036749 2.556112
2140 1839 19036755 2.556112
2135 1833 19036761 2.556112
2133 1834 19036767 2.556112
2132 1831 19036772 2.556112
2136 1835 19036778 2.556112
2131 1835 19036784 2.556112
2132 1831 19036790 2.556112
2129 1831 19036796 2.556112
2128 1836 19036802 2.556112
2134 1836 19036808 2.556112
2131 1835 19036813 2.556112
2138 1832 19036819 2.556112
2134 1837 19036825 2.556112
2130 1829 19036831 2.556112
2129 1830 19036837 2.556112
2129 1830 19036843 2.556112
2127 1828 19036849 2.556112
2129 1831 19036854 2.556112
2129 1825 19036860 2.556112
2127 1828 19036866 2.556112
2133 1831 19036872 2.556112
2133 1833 19036878 2.556112
2131 1835 19036884 2.556112
2134 1831 19036889 2.556112
2131 1826 19036895 2.556112
2128 1828 19036901 2.556112
2130 1829 19036907 2.556112
2125 1823 19036913 2.556112
2129 1831 19036919 2.556112
2130 1837 19036925 2.556112
2136 1833 19036930 2.556112
2132 1832 19036936 2.556112
2132 1831 19036942 2.556112
2139 1830 19036948 2.556112
2132 1835 19036954 2.556112
2138 1838 19036960 2.556112
2137 1840 19036966 2.556112
2136 1839 19036971 2.556112
2136 1839 19036977 2.556112
2138 1831 19036983 2.556112
2136 1835 19036989 2.556112
2133 1837 19036995 2.556112
2136 1834 19037002 2.556112
2138 1841 19037008 2.556112
2134 1837 19037013 2.556112
2137 1836 19037019 2.556112
2135 1830 19037025 2.556112
2131 1835 19037031 2.556112
2133 1831 19037037 2.556112
2128 1828 19037043 2.556112
2130 1831 19037048 2.556112
2131 1830 19037054 2.556112
2129 1833 19037060 2.556112
2136 1835 19037066 2.556112
2129 1832 19037072 2.556112
2128 1836 19037078 2.556112
2133 1833 19037084 2.556112
2125 1828 19037089 2.556112
2132 1828 19037095 2.556112
2129 1830 19037101 2.556112
2130 1829 19037107 2.556112
2132 1832 19037113 2.556112
2135 1830 19037119 2.556112
2137 1832 19037125 2.556112
2131 1833 19037130 2.556112
2134 1833 19037136 2.556112
2132 1835 19037142 2.556112
2120 1829 19037148 2.556112
2129 1831 19037154 2.556112
2130 1827 19037160 2.556112
2125 1828 19037165 2.556112
2130 1824 19037171 2.556112
2127 1831 19037177 2.556112
2135 1835 19037183 2.556112
2134 1830 19037189 2.556112
2133 1834 19037195 2.556112
2134 1836 19037201 2.556112
2135 1835 19037206 2.556112
2136 1837 19037212 2.556112
2134 1834 19037218 2.556112
2135 1831 19037224 2.556112
2129 1834 19037230 2.556112
2135 1836 19037236 2.556112
2138 1836 19037242 2.556112
2134 1838 19037247 2.556112
2137 1833 19037253 2.556112
2139 1836 19037259 2.556112
2132 1835 19037265 2.556112
2132 1833 19037271 2.556112
2128 1833 19037277 2.556112
2132 1833 19037282 2.556112
2132 1832 19037288 2.556112
2130 1838 19037294 2.556112
2138 1835 19037300 2.556112
2136 1830 19037306 2.556112
2132 1836 19037312 2.556112
2132 1835 19037318 2.556112
2131 1830 19037323 2.556112
2128 1823 19037329 2.556112
2128 1829 19037335 2.556112
2128 1834 19037341 2.556112
2131 1835 19037347 2.556112
2130 1831 19037353 2.556112
2132 1833 19037359 2.556112
2136 1832 19037364 2.556112
2135 1834 19037370 2.556112
2132 1831 19037376 2.556112
2132 1833 19037382 2.556112
2135 1834 19037388 2.556112
2133 1831 19037394 2.556112
2133 1828 19037399 2.556112
2130 1837 19037405 2.556112
2130 1832 19037411 2.556112
2134 1827 19037417 2.556112
2137 1833 19037423 2.556112
2136 1833 19037429 2.556112
2137 1840 19037435 2.556112
2138 1834 19037440 2.556112
2136 1833 19037446 2.556112
2138 1833 19037452 2.556112
2135 1837 19037458 2.556112
2135 1836 19037464 2.556112
2132 1838 19037470 2.556112
2134 1835 19037476 2.556112
2132 1832 19037481 2.556112
2129 1833 19037487 2.556112
2135 1833 19037493 2.556112
2133 1835 19037499 2.556112
2134 1838 19037505 2.556112
2134 1833 19037511 2.556112
2130 1835 19037516 2.556112
2125 1835 19037522 2.556112
2130 1829 19037528 2.556112
2131 1831 19037534 2.556112
2131 1827 19037540 2.556112
2130 1830 19037546 2.556112
2129 1831 19037552 2.556112
2127 1826 19037557 2.556112
2133 1828 19037563 2.556112
2133 1833 19037569 2.556112
2133 1829 19037575 2.556112
2135 1829 19037581 2.556112
2124 1830 19037587 2.556112
2125 1824 19037592 2.556112
2126 1832 19037598 2.556112
2130 1830 19037604 2.556112
2126 1827 19037610 2.556112
2135 1835 19037616 2.556112
2132 1831 19037622 2.556112
2130 1835 19037628 2.556112
2136 1834 19037633 2.556112
2129 1835 19037639 2.556112
2132 1830 19037645 2.556112
2133 1835 19037651 2.556112
2133 1832 19037657 2.556112
2130 1831 19037663 2.556112
2132 1828 19037669 2.556112
2129 1833 19037674 2.556112
2135 1830 19037680 2.556112
2132 1833 19037686 2.556112
2134 1836 19037692 2.556112
2137 1840 19037698 2.556112
2128 1828 19037704 2.556112
2131 1835 19037709 2.556112
2128 1824 19037715 2.556112
2133 1834 19037721 2.556112
2134 1831 19037727 2.556112
2135 1831 19037733 2.556112
2135 1834 19037739 2.556112
2136 1826 19037745 2.556112
2132 1829 19037750 2.556112
2130 1832 19037756 2.556112
2129 1829 19037762 2.556112
2124 1829 19037768 2.556112
2126 1827 19037774 2.556112
2127 1827 19037780 2.556112
2130 1828 19037786 2.556112
2129 1832 19037791 2.556112
2127 1827 19037797 2.556112
2126 1827 19037803 2.556112
2123 1824 19037809 2.556112
2128 1824 19037815 2.556112
2123 1824 19037821 2.556112
2129 1824 19037826 2.556112
2129 1828 19037832 2.556112
2127 1828 19037838 2.556112
2128 1827 19037844 2.556112
2125 1826 19037850 2.556112
2123 1829 19037856 2.556112
2128 1827 19037862 2.556112
2124 1826 19037867 2.556112
2128 1831 19037873 2.556112
2130 1829 19037879 2.556112
2137 1831 19037885 2.556112
2131 1836 19037891 2.556112
2134 1835 19037897 2.556112
2134 1836 19037903 2.556112
2128 1831 19037908 2.556112
2135 1832 19037914 2.556112
2134 1835 19037920 2.556112
2131 1830 19037926 2.556112
2133 1829 19037932 2.556112
2129 1827 19037938 2.556112
2129 1830 19037943 2.556112
2136 1834 19037949 2.556112
2131 1836 19037955 2.556112
2138 1830 19037961 2.556112
2135 1835 19037967 2.556112
2130 1834 19037973 2.556112
2134 1833 19037979 2.556112
2126 1828 19037984 2.556112
2132 1830 19037990 2.556112
2126 1826 19037996 2.556112
2128 1828 19038003 2.556112
2130 1834 19038009 2.556112
2126 1827 19038015 2.556112
2131 1832 19038020 2.556112
2128 1830 19038026 2.556112
2134 1824 19038032 2.556112
2127 1833 19038038 2.556112
2135 1836 19038044 2.556112
2129 1825 19038050 2.556112
2130 1835 19038056 2.556112
2132 1829 19038061 2.556112
2130 1828 19038067 2.556112
2133 1832 19038073 2.556112
2126 1828 19038079 2.556112
2130 1828 19038085 2.556112
2128 1831 19038091 2.556112
2131 1832 19038097 2.556112
2130 1830 19038102 2.556112
2131 1830 19038108 2.556112
2130 1834 19038114 2.556112
2132 1831 19038120 2.556112
2129 1831 19038126 2.556112
2134 1833 19038132 2.556112
2133 1833 19038137 2.556112
2131 1834 19038143 2.556112
2134 1834 19038149 2.556112
2135 1836 19038155 2.556112
2136 1830 19038161 2.556112
2132 1834 19038167 2.556112
2136 1835 19038173 2.556112
2133 1835 19038178 2.556112
2134 1836 19038184 2.556112
2135 1833 19038190 2.556112
2131 1836 19038196 2.556112
2132 1836 19038202 2.556112
2134 1837 19038208 2.556112
2134 1838 19038214 2.556112
2135 1833 19038219 2.556112
2136 1832 19038225 2.556112
2135 1832 19038231 2.556112
2134 1832 19038237 2.556112
2131 1834 19038243 2.556112
2131 1834 19038249 2.556112
2130 1832 19038254 2.556112
2135 1831 19038260 2.556112
2130 1825 19038266 2.556112
2129 1823 19038272 2.556112
2132 1833 19038278 2.556112
2131 1830 19038284 2.556112
2128 1827 19038290 2.556112
